store_id,street,city,state,zip,phone,url,latitude,longitude,state_name
2642,300 20th St S,Birmingham,AL,35233,(205) 326-8572,al/birmingham/300-20th-st-s,33.509721495414745,-86.80275567068401,Alabama
2894,3220 Morrow Rd,Birmingham,AL,35235,(205) 655-3734,al/birmingham/3220-morrow-rd,33.59558141391436,-86.64743684970284,Alabama
1131,4719 Highway 280,Birmingham,AL,35242,(205) 991-4846,al/birmingham/4719-highway-280,33.42258214624579,-86.69827946502971,Alabama
,5342 Highway 280,Birmingham,AL,35242,(659) 272-0321,al/birmingham/5342-highway-280,33.4190918,-86.6744839,Alabama
3605,1051 Amber Dr,Hoover,AL,35244,(205) 203-1028,al/hoover/1051-amber-dr,33.3785141,-86.82327269999999,Alabama
941,1759 Montgomery Hwy,Hoover,AL,35244,(205) 982-4833,al/hoover/1759-montgomery-hwy,33.37895802956859,-86.80380210088629,Alabama
,101 Outfield Dr,Madison,AL,35758,(256) 617-5312,al/madison/101-outfield-dr,34.684399,-86.717916,Alabama
3539,8294 Highway 72 W,Madison,AL,35758,(256) 929-6632,al/madison/8294-highway-72-w,34.750647294909975,-86.7611874285552,Alabama
2205,3871 Airport Blvd,Mobile,AL,36608,(251) 206-6548,al/mobile/3871-airport-blvd,30.675337809949887,-88.143753929995,Alabama
3029,7765 Airport Blvd,Mobile,AL,36608,(251) 639-9241,al/mobile/7765-airport-blvd,30.682695916631477,-88.22501248665195,Alabama
2054,1203 University Blvd,Tuscaloosa,AL,35401,(205) 391-2121,al/tuscaloosa/1203-university-blvd,33.21066866513092,-87.55362088910408,Alabama
989,1800 McFarland Blvd E,Tuscaloosa,AL,35404,(205) 391-0140,al/tuscaloosa/1800-mcfarland-blvd-e,33.19676916228953,-87.52703202203561,Alabama
,1055 W Chandler Blvd,Chandler,AZ,85224,(602) 742-3574,az/chandler/1055-w-chandler-blvd,33.30549462745462,-111.86011763369193,Arizona
742,2895 S Alma School Rd,Chandler,AZ,85286,(480) 786-1122,az/chandler/2895-s-alma-school-rd,33.2639222376452,-111.85726059752221,Arizona
1718,3395 W Chandler Blvd,Chandler,AZ,85226,(480) 499-2884,az/chandler/3395-w-chandler-blvd,33.30528109389568,-111.89998219286281,Arizona
26,890 N 54th St,Chandler,AZ,85226,(480) 783-0200,az/chandler/890-n-54th-st,33.317420390822654,-111.96882761900793,Arizona
1542,1111 S Plaza Way,Flagstaff,AZ,86001,(928) 774-4254,az/flagstaff/1111-s-plaza-way,35.18986,-111.661643,Arizona
3569,4409 N US Highway 89,Flagstaff,AZ,86004,(928) 433-3844,az/flagstaff/4409-n-us-highway-89,35.22332797052031,-111.58526951285657,Arizona
305,1084 S Gilbert Rd,Gilbert,AZ,85296,(480) 892-8307,az/gilbert/1084-s-gilbert-rd,33.32988022270755,-111.79089592376448,Arizona
658,1546 N Cooper Rd,Gilbert,AZ,85233,(480) 632-1875,az/gilbert/1546-n-cooper-rd,33.37792420216465,-111.80763961039872,Arizona
1798,2224 E Williams Field Rd,Gilbert,AZ,85295,(602) 429-2162,az/gilbert/2224-e-williams-field-rd,33.30783135227586,-111.74280506193034,Arizona
699,3757 S Gilbert Rd,Gilbert,AZ,85297,(480) 963-8585,az/gilbert/3757-s-gilbert-rd,33.28188695150705,-111.78889024926309,Arizona
,3785 S Val Vista Dr,Gilbert,AZ,85297,(928) 701-6051,az/gilbert/3785-s-val-vista-dr,33.28174926610554,-111.75468798648177,Arizona
1768,20004 N 67th Ave,Glendale,AZ,85308,(623) 240-1289,az/glendale/20004-n-67th-ave,33.66586688567123,-112.20341053026442,Arizona
1448,5849 W Northern Ave,Glendale,AZ,85301,(623) 215-0173,az/glendale/5849-w-northern-ave,33.552412562708156,-112.18544568239622,Arizona
86,5880 W Thunderbird Rd,Glendale,AZ,85306,(602) 504-2776,az/glendale/5880-w-thunderbird-rd,33.61131275531313,-112.18452254968548,Arizona
1917,7700 W Arrowhead Towne Ctr,Glendale,AZ,85308,(623) 240-2694,az/glendale/7700-w-arrowhead-towne-ctr,33.641830668399315,-112.22529981458467,Arizona
,9405 W Glendale Ave,Glendale,AZ,85305,(623) 239-4906,az/glendale/9405-w-glendale-ave,33.53689036221647,-112.26094486330905,Arizona
542,1560 N Litchfield Rd,Goodyear,AZ,85395,(623) 536-0025,az/goodyear/1560-n-litchfield-rd,33.463806634713315,-112.35866282944778,Arizona
,655 S Cotton Ln,Goodyear,AZ,85338,(602) 601-2987,az/goodyear/655-s-cotton-ln,33.4394938,-112.4268431,Arizona
3287,1229 E McKellips Rd,Mesa,AZ,85203,(480) 833-6547,az/mesa/1229-e-mckellips-rd,33.451019327889625,-111.80313939936569,Arizona
2535,1335 S Alma School Rd,Mesa,AZ,85210,(480) 833-0717,az/mesa/1335-s-alma-school-rd,33.38960599017438,-111.85682718956662,Arizona
3147,1411 S Power Rd,Mesa,AZ,85206,(480) 807-0477,az/mesa/1411-s-power-rd,33.38985461122482,-111.68395069882871,Arizona
1764,1955 S Signal Butte Rd,Mesa,AZ,85209,(480) 499-9636,az/mesa/1955-s-signal-butte-rd,33.37942481813418,-111.60094897883607,Arizona
1821,2849 N Power Rd,Mesa,AZ,85215,(480) 265-4916,az/mesa/2849-n-power-rd,33.46790531239631,-111.68346853282071,Arizona
1710,3440 E Baseline Rd,Mesa,AZ,85204,(480) 822-6622,az/mesa/3440-e-baseline-rd,33.37966761390607,-111.75581290980438,Arizona
698,4984 S Power Rd,Mesa,AZ,85212,(480) 988-6935,az/mesa/4984-s-power-rd,33.32550687825606,-111.6875981837469,Arizona
4189,9259 E. Ray Road,Mesa,AZ,85212,(480) 520-6775,az/mesa/9259-e-ray-road,33.3214659,-111.6321079,Arizona
734,16680 N 83rd Ave,Peoria,AZ,85382,(623) 487-1907,az/peoria/16680-n-83rd-ave,33.63626807976065,-112.23411100604244,Arizona
,28576 N El Mirage Rd,Peoria,AZ,85383,(602) 669-9476,az/peoria/28576-n-el-mirage-rd,33.74181955217287,-112.32317113119414,Arizona
916,9940 W Happy Valley Pkwy,Peoria,AZ,85383,(623) 362-1252,az/peoria/9940-w-happy-valley-pkwy,33.711451,-112.273128,Arizona
1684,11 W Washington St,Phoenix,AZ,85003,(602) 513-5751,az/phoenix/11-w-washington-st,33.44810001399615,-112.07450891917203,Arizona
1726,1515 N 7th Ave,Phoenix,AZ,85007,(602) 314-8127,az/phoenix/1515-n-7th-ave,33.46554843258087,-112.0823849754916,Arizona
543,1660 E Camelback Rd,Phoenix,AZ,85016,(602) 274-4455,az/phoenix/1660-e-camelback-rd,33.51037506402035,-112.04622043510204,Arizona
2531,16635 N Tatum Blvd,Phoenix,AZ,85032,(602) 992-0432,az/phoenix/16635-n-tatum-blvd,33.63818544112361,-111.97738650921002,Arizona
3399,1818 W Bethany Home Rd,Phoenix,AZ,85015,(623) 207-7338,az/phoenix/1818-w-bethany-home-rd,33.5243797,-112.0986855,Arizona
,1838 W Baseline Rd,Phoenix,AZ,85041,(480) 520-4470,az/phoenix/1838-w-baseline-rd,33.3777629,-112.0975448,Arizona
2853,21001 N Tatum Blvd,Phoenix,AZ,85050,(480) 473-5019,az/phoenix/21001-n-tatum-blvd,33.67474793839745,-111.97526479938048,Arizona
1079,2415 E Baseline Rd,Phoenix,AZ,85042,(602) 283-9500,az/phoenix/2415-e-baseline-rd,33.37724065500963,-112.02990183545892,Arizona
3306,2450 W Bell Rd,Phoenix,AZ,85023,(602) 354-3877,az/phoenix/2450-w-bell-rd,33.640372836488105,-112.1122786414017,Arizona
1119,2470 W Happy Valley Rd,Phoenix,AZ,85085,(623) 215-0900,az/phoenix/2470-w-happy-valley-rd,33.714789543328116,-112.11303150518675,Arizona
2314,3009 W Agua Fria Fwy,Phoenix,AZ,85027,(480) 285-0923,az/phoenix/3009-w-agua-fria-fwy,33.66665768531911,-112.12322165701374,Arizona
253,3039 W Peoria Ave,Phoenix,AZ,85029,(602) 944-5060,az/phoenix/3039-w-peoria-ave,33.581530994407736,-112.12515731554271,Arizona
2973,3125 E Indian School Rd,Phoenix,AZ,85016,(602) 957-5080,az/phoenix/3125-e-indian-school-rd,33.49495085405304,-112.01463337627501,Arizona
,3185 E Bell Rd,Phoenix,AZ,85032,(480) 618-4174,az/phoenix/3185-e-bell-rd,33.63859900338824,-111.99906302367391,Arizona
2859,4111 E Chandler Blvd,Phoenix,AZ,85048,(480) 759-4820,az/phoenix/4111-e-chandler-blvd,33.30479751662666,-111.99361395337297,Arizona
1450,425 E Bell Rd,Phoenix,AZ,85022,(602) 441-0740,az/phoenix/425-e-bell-rd,33.63993406534886,-112.06746827976605,Arizona
41,4423 E. Thomas Road,Phoenix,AZ,85018,(602) 522-2394,az/phoenix/4423-e-thomas-road,33.47971018719496,-111.98621165153793,Arizona
1595,4622 E Cactus Rd,Phoenix,AZ,85032,(602) 283-3941,az/phoenix/4622-e-cactus-rd,33.59949685496199,-111.98174381043337,Arizona
3170,4705 E Broadway Rd,Phoenix,AZ,85040,(602) 431-1645,az/phoenix/4705-e-broadway-rd,33.406421,-111.979649,Arizona
2808,52 E Camelback Road,Phoenix,AZ,85012,(602) 200-9416,az/phoenix/52-e-camelback-road,33.50968977590201,-112.07169147254652,Arizona
1767,7427 W Thomas Rd,Phoenix,AZ,85033,(623) 240-1662,az/phoenix/7427-w-thomas-rd,33.479676480750506,-112.21983422329617,Arizona
,170 W Ocotillo,Queen Creek,AZ,85140,(480) 903-5286,az/queen-creek/170-w-ocotillo,33.249137,-111.567125,Arizona
1163,21172 S Ellsworth Loop Rd,Queen Creek,AZ,85142,(480) 214-9200,az/queen-creek/21172-s-ellsworth-loop-rd,33.256185336370194,-111.63888845969365,Arizona
2478,11015 N Scottsdale Rd,Scottsdale,AZ,85254,(480) 951-4555,az/scottsdale/11015-n-scottsdale-rd,33.58595737304114,-111.92558185222026,Arizona
357,15035 N Thompson Peak Pkwy,Scottsdale,AZ,85260,(480) 661-5650,az/scottsdale/15035-n-thompson-peak-pkwy,33.622401247673174,-111.873954738914,Arizona
444,15425 N Scottsdale Rd,Scottsdale,AZ,85254,(480) 367-1218,az/scottsdale/15425-n-scottsdale-rd,33.6262957,-111.9248201,Arizona
2029,20851 N Scottsdale Rd,Scottsdale,AZ,85255,(480) 397-4092,az/scottsdale/20851-n-scottsdale-rd,33.67624139841698,-111.92401394661744,Arizona
1977,2805 N Scottsdale Rd,Scottsdale,AZ,85257,(480) 404-6296,az/scottsdale/2805-n-scottsdale-rd,33.479336912764616,-111.92576791791788,Arizona
1301,4513 N Scottsdale Rd,Scottsdale,AZ,85251,(480) 684-1090,az/scottsdale/4513-n-scottsdale-rd,33.50337052422998,-111.92569464601536,Arizona
2624,7014 E Camelback Rd,Scottsdale,AZ,85251,(480) 941-4786,az/scottsdale/7014-e-camelback-rd,33.50399472511519,-111.92985740478647,Arizona
1625,9010 E Talking Stick Way,Scottsdale,AZ,85250,(480) 270-5370,az/scottsdale/9010-e-talking-stick-way,33.5386903,-111.8876449,Arizona
45,9301 E Shea Blvd,Scottsdale,AZ,85260,(480) 860-6901,az/scottsdale/9301-e-shea-blvd,33.58028500000003,-111.88103432944774,Arizona
898,13869 W Bell Rd,Surprise,AZ,85374,(623) 544-2363,az/surprise/13869-w-bell-rd,33.63829071307527,-112.3590925355993,Arizona
,16810 W Waddell Rd,Surprise,AZ,85388,(623) 265-6570,az/surprise/16810-w-waddell-rd,33.61048202336274,-112.42057356588008,Arizona
1208,1038 S Mill Ave,Tempe,AZ,85281,(480) 273-8800,az/tempe/1038-s-mill-ave,33.41798133570578,-111.94040165583704,Arizona
3457,1655 W Elliot Rd,Tempe,AZ,85284,(623) 231-3098,az/tempe/1655-w-elliot-rd,33.348634,-111.965379,Arizona
744,2000 E Rio Salado Pkwy,Tempe,AZ,85288,(480) 829-0600,az/tempe/2000-e-rio-salado-pkwy,33.43397487875809,-111.90131958046948,Arizona
2628,2020 E Elliot Rd,Tempe,AZ,85284,(480) 491-2569,az/tempe/2020-e-elliot-rd,33.3497932916613,-111.9014793061342,Arizona
1322,815 E Baseline Rd,Tempe,AZ,85283,(480) 214-2122,az/tempe/815-e-baseline-rd,33.37791758045822,-111.92908496080338,Arizona
3043,1202 W Irvington Rd,Tucson,AZ,85714,(520) 294-0059,az/tucson/1202-w-irvington-rd,32.16395431844095,-110.9896125263815,Arizona
,1903 E Speedway Blvd,Tucson,AZ,85719,(520) 302-4250,az/tucson/1903-e-speedway-blvd,32.236527850280545,-110.94345887360345,Arizona
668,235 W Wetmore Rd,Tucson,AZ,85705,(520) 888-0444,az/tucson/235-w-wetmore-rd,32.286187017960835,-110.97557047489722,Arizona
421,3055 N Campbell Ave,Tucson,AZ,85719,(520) 325-1261,az/tucson/3055-n-campbell-ave,32.262380049822575,-110.94409368921954,Arizona
,3510 S. Kino Parkway,Tucson,AZ,85713,(520) 999-3100,az/tucson/3510-s-kino-parkway,32.18390973113682,-110.94501867350414,Arizona
,4857 E Grant Rd,Tucson,AZ,85712,(520) 910-0932,az/tucson/4857-e-grant-rd,32.25177128286577,-110.89006690858098,Arizona
,5353 E Broadway Blvd,Tucson,AZ,85711,(520) 675-0484,az/tucson/5353-e-broadway-blvd,32.222638975945905,-110.87664834462115,Arizona
2400,6501 E Grant Rd,Tucson,AZ,85715,(520) 296-1163,az/tucson/6501-e-grant-rd,32.25026412653463,-110.85154298893758,Arizona
372,7555 N La Cholla Blvd,Tucson,AZ,85741,(520) 544-3868,az/tucson/7555-n-la-cholla-blvd,32.343577682700435,-111.0133044276954,Arizona
116,905 E University Blvd,Tucson,AZ,85719,(520) 628-7967,az/tucson/905-e-university-blvd,32.231921707186025,-110.95746181562401,Arizona
2118,9484 E 22nd St,Tucson,AZ,85710,(520) 203-0004,az/tucson/9484-e-22nd-st,32.20596149006868,-110.79014354983957,Arizona
1662,1525 S Yuma Palms Pkwy,Yuma,AZ,85365,(928) 783-3044,az/yuma/1525-s-yuma-palms-pkwy,32.69978529949036,-114.60102888404407,Arizona
3374,3080 S 4th Avenue,Yuma,AZ,85364,(928) 257-1776,az/yuma/3080-s-4th-avenue,32.699878140781735,-114.60100324176364,Arizona
2458,3379 N College Ave,Fayetteville,AR,72703,(479) 251-1175,ar/fayetteville/3379-n-college-ave,36.11273654734074,-94.14538540335559,Arkansas
1603,550 W Dickson St,Fayetteville,AR,72701,(479) 444-1466,ar/fayetteville/550-w-dickson-st,36.066736703377906,-94.16612579287357,Arkansas
2057,100 S University Ave,Little Rock,AR,72205,(501) 404-2557,ar/little-rock/100-s-university-ave,34.75201036980043,-92.34153181349183,Arkansas
1632,11525 Cantrell Rd,Little Rock,AR,72212,(501) 221-0018,ar/little-rock/11525-cantrell-rd,34.793543504482834,-92.40281714293958,Arkansas
,12524 Chenal Pkwy,Little Rock,AR,72211,(501) 451-6783,ar/little-rock/12524-chenal-pkwy,34.75374197773934,-92.41274805453453,Arkansas
1206,2314 S Shore Ctr,Alameda,CA,94501,(510) 337-1592,ca/alameda/2314-s-shore-ctr,37.756040876734254,-122.25041514023036,California
2384,2610 5th St,Alameda,CA,94501,(510) 748-8949,ca/alameda/2610-5th-st,37.78614100776162,-122.28120659723874,California
2619,2002 E Lincoln Ave,Anaheim,CA,92806,(714) 991-1160,ca/anaheim/2002-e-lincoln-ave,33.83957989941753,-117.88867467392521,California
3697,2085 E Katella Ave,Anaheim,CA,92806,(657) 223-8051,ca/anaheim/2085-e-katella-ave,33.804139166756975,-117.88643166539222,California
1924,5631 E La Palma Ave,Anaheim,CA,92807,(714) 693-0882,ca/anaheim/5631-e-la-palma-ave,33.860569750992006,-117.79228294204808,California
111,8182 E Santa Ana Canyon Rd,Anaheim,CA,92808,(714) 283-3092,ca/anaheim/8182-e-santa-ana-canyon-rd,33.86802786130575,-117.74815098742596,California
2062,927 S Euclid St,Anaheim,CA,92802,(657) 549-6350,ca/anaheim/927-s-euclid-st,33.81873915326949,-117.94176619322118,California
,1250 W Foothill Blvd,Azusa,CA,91702,(626) 513-0000,ca/azusa/1250-w-foothill-blvd,34.13323576035784,-117.92699809727334,California
1433,860 E Alosta Ave,Azusa,CA,91702,(626) 969-8274,ca/azusa/860-e-alosta-ave,34.12814641664687,-117.89157162822437,California
1588,10510 Stockdale Hwy,Bakersfield,CA,93311,(661) 663-9329,ca/bakersfield/10510-stockdale-hwy,35.35212176910199,-119.11911787270185,California
3035,2630 Mount Vernon Ave,Bakersfield,CA,93306,(661) 872-3577,ca/bakersfield/2630-mount-vernon-ave,35.39223261450192,-118.96794031141218,California
2462,2701 Ming Ave,Bakersfield,CA,93304,(661) 398-6274,ca/bakersfield/2701-ming-ave,35.3377069,-119.0351604,California
,3345 Buena Vista Rd,Bakersfield,CA,93311,(661) 529-3575,ca/bakersfield/3345-buena-vista-rd,35.3241043,-119.1285617,California
2068,4580 Coffee Rd,Bakersfield,CA,93308,(661) 281-0408,ca/bakersfield/4580-coffee-rd,35.40116339582047,-119.091834844792,California
260,4950 Stockdale Hwy,Bakersfield,CA,93309,(661) 335-0400,ca/bakersfield/4950-stockdale-hwy,35.35453087454825,-119.05705893741703,California
2099,5321 Gosford Rd,Bakersfield,CA,93313,(661) 281-0372,ca/bakersfield/5321-gosford-rd,35.30652183893728,-119.09252875520804,California
,9723 Panama Ln,Bakersfield,CA,93311,(661) 529-3564,ca/bakersfield/9723-panama-ln,35.2960076,-119.1110519,California
231,1050 Gilman St,Berkeley,CA,94710,(510) 526-6047,ca/berkeley/1050-gilman-st,37.87939337077996,-122.2963244817883,California
2703,2225 Shattuck Ave,Berkeley,CA,94704,(510) 647-9166,ca/berkeley/2225-shattuck-ave,37.8688732912193,-122.26748664723874,California
697,2311 Telegraph Ave,Berkeley,CA,94704,(510) 548-0340,ca/berkeley/2311-telegraph-ave,37.868384336918915,-122.25895608037399,California
2114,1065 Brea Mall,Brea,CA,92821,(714) 784-2027,ca/brea/1065-brea-mall,33.91556014878462,-117.88656214737972,California
1306,477 S Associated Rd,Brea,CA,92821,(714) 582-6519,ca/brea/477-s-associated-rd,33.91179690220889,-117.88205261146413,California
1670,5401 Lone Tree Way,Brentwood,CA,94513,(925) 516-9012,ca/brentwood/5401-lone-tree-way,37.96126017826663,-121.74884971530332,California
,7580 Brentwood Blvd,Brentwood,CA,94513,(925) 390-0147,ca/brentwood/7580-brentwood-blvd,37.9453441,-121.6958194,California
364,135 E Palm Ave,Burbank,CA,91502,(818) 842-0622,ca/burbank/135-e-palm-ave,34.18195878665414,-118.31143974113996,California
1521,4012 W Riverside Dr,Burbank,CA,91505,(818) 561-2004,ca/burbank/4012-w-riverside-dr,34.151663886857776,-118.34332814293958,California
1660,2505 Palomar Airport Rd,Carlsbad,CA,92011,(760) 607-3220,ca/carlsbad/2505-palomar-airport-rd,33.12801536407042,-117.27044465652875,California
2367,3416 Via Mercato,Carlsbad,CA,92009,(760) 400-0056,ca/carlsbad/3416-via-mercato,33.081846051416996,-117.23594035921002,California
3184,10826 Alondra Blvd,Cerritos,CA,90703,(562) 402-4099,ca/cerritos/10826-alondra-blvd,33.88591759076357,-118.10198009524986,California
680,12560 Artesia Blvd,Cerritos,CA,90703,(562) 653-0701,ca/cerritos/12560-artesia-blvd,33.87279148159613,-118.06421767787731,California
2657,459 Los Cerritos Mall,Cerritos,CA,90703,(562) 402-0943,ca/cerritos/459-los-cerritos-mall,33.8619,-118.092552,California
1998,1960 E 20th St,Chico,CA,95928,(530) 879-1623,ca/chico/1960-e-20th-st,39.72754269084902,-121.80506296936574,California
382,620 Mangrove Ave,Chico,CA,95926,(530) 343-8707,ca/chico/620-mangrove-ave,39.73437615123794,-121.83515019816491,California
3612,962 East Ave,Chico,CA,95926,(530) 924-5953,ca/chico/962-east-ave,39.76118,-121.8422,California
2425,2290 Otay Lakes Rd,Chula Vista,CA,91915,(619) 421-0078,ca/chula-vista/2290-otay-lakes-rd,32.6471146,-116.9656259,California
2133,569 H St,Chula Vista,CA,91910,(619) 761-5847,ca/chula-vista/569-h-st,32.631538330080154,-117.0880960495063,California
1816,720 Otay Lakes Rd,Chula Vista,CA,91910,(619) 761-5452,ca/chula-vista/720-otay-lakes-rd,32.646182,-117.002625,California
2974,15495 Valley Blvd,City Of Industry,CA,91746,(626) 709-3534,ca/city-of-industry/15495-valley-blvd,34.02196253770011,-117.95960891159734,California
1288,17501 Colima Rd,City Of Industry,CA,91748,(626) 964-9606,ca/city-of-industry/17501-colima-rd,33.991108667992535,-117.92463514846213,California
912,1210 Shaw Ave,Clovis,CA,93612,(559) 298-4708,ca/clovis/1210-shaw-ave,36.80816451357602,-119.69365285818361,California
2876,1840 Herndon Ave,Clovis,CA,93611,(559) 323-4261,ca/clovis/1840-herndon-ave,36.837102806014755,-119.6829132847252,California
3183,2002 Salvio St,Concord,CA,94520,(925) 969-7751,ca/concord/2002-salvio-st,37.9767127,-122.0354564,California
,5434 Ygnacio Valley Rd,Concord,CA,94521,(925) 304-1080,ca/concord/5434-ygnacio-valley-rd,37.94999400485539,-121.95879676113468,California
1572,785 Oak Grove Rd,Concord,CA,94518,(925) 566-5005,ca/concord/785-oak-grove-rd,37.93720862373058,-122.02542678814535,California
1943,1160 E Ontario Ave,Corona,CA,92881,(951) 444-2000,ca/corona/1160-e-ontario-ave,33.84761569537094,-117.54381688956664,California
2610,2560 Tuscany St,Corona,CA,92881,(951) 340-2489,ca/corona/2560-tuscany-st,33.823651,-117.5165168,California
147,2300 Harbor Blvd,Costa Mesa,CA,92626,(949) 646-1288,ca/costa-mesa/2300-harbor-blvd,33.658184766787244,-117.91865890867801,California
3428,260 Bristol St,Costa Mesa,CA,92626,(657) 212-3017,ca/costa-mesa/260-bristol-st,33.667879243081295,-117.88292481349183,California
3588,468 E 17th St,Costa Mesa,CA,92627,(949) 688-2868,ca/costa-mesa/468-e-17th-st,33.62944251257753,-117.90953340965524,California
1876,4114 Sepulveda Blvd,Culver City,CA,90230,(424) 216-3171,ca/culver-city/4114-sepulveda-blvd,34.007161815291546,-118.41262312546246,California
2212,6000 Sepulveda Blvd,Culver City,CA,90230,(310) 773-9047,ca/culver-city/6000-sepulveda-blvd,33.98562677521357,-118.39336051175782,California
3011,6150 W Slauson Ave,Culver City,CA,90230,(310) 313-1051,ca/culver-city/6150-w-slauson-ave,33.98811135886199,-118.39300704814138,California
1167,9512 Culver Blvd,Culver City,CA,90232,(310) 841-0561,ca/culver-city/9512-culver-blvd,34.0233754,-118.3943383,California
211,10385 S De Anza Blvd,Cupertino,CA,95014,(408) 252-5421,ca/cupertino/10385-s-de-anza-blvd,37.31726503354268,-122.03278998505789,California
2549,20688 Homestead Rd,Cupertino,CA,95014,(408) 257-7682,ca/cupertino/20688-homestead-rd,37.337315054598356,-122.03648371994058,California
737,8500 Firestone Blvd,Downey,CA,90241,(562) 861-4988,ca/downey/8500-firestone-blvd,33.9378076569092,-118.12955238646725,California
2446,8890 Apollo Way,Downey,CA,90242,(562) 803-4354,ca/downey/8890-apollo-way,33.92222904425112,-118.13154774014572,California
2449,5240 Dublin Blvd,Dublin,CA,94568,(925) 479-0862,ca/dublin/5240-dublin-blvd,37.70561684178781,-121.89083598834327,California
1013,7020 Amador Plaza Rd,Dublin,CA,94568,(925) 828-4361,ca/dublin/7020-amador-plaza-rd,37.706373161666555,-121.92911820179427,California
3288,4730 Elk Grove Blvd,Elk Grove,CA,95758,(916) 478-0054,ca/elk-grove/4730-elk-grove-blvd,38.408341870819115,-121.44929689394961,California
137,7440 Laguna Blvd,Elk Grove,CA,95758,(916) 478-2360,ca/elk-grove/7440-laguna-blvd,38.4231808,-121.4155253,California
4311,7450 Elk Grove Blvd,Elk Grove,CA,95757,(279) 800-8758,ca/elk-grove/7450-elk-grove-blvd,38.40700456381073,-121.4170904681055,California
2092,1201 E Valley Pkwy,Escondido,CA,92027,(760) 884-3002,ca/escondido/1201-e-valley-pkwy,33.130322653305605,-117.06659018800502,California
600,1282 Auto Park Way,Escondido,CA,92029,(760) 746-0251,ca/escondido/1282-auto-park-way,33.113014851997406,-117.10103903834323,California
3078,200 E Via Rancho Pkwy,Escondido,CA,92025,(760) 743-3250,ca/escondido/200-e-via-rancho-pkwy,33.071379410599924,-117.06621495515303,California
191,1001 E Bidwell St,Folsom,CA,95630,(916) 983-9374,ca/folsom/1001-e-bidwell-st,38.66945594182111,-121.15562516034875,California
1953,2379 Iron Point Rd,Folsom,CA,95630,(916) 605-4040,ca/folsom/2379-iron-point-rd,38.64500627533872,-121.12336725425826,California
2317,10515 Sierra Ave,Fontana,CA,92337,(909) 349-0242,ca/fontana/10515-sierra-ave,34.0627057,-117.4350364,California
2866,16595 Sierra Lakes Pkwy,Fontana,CA,92336,(909) 350-0054,ca/fontana/16595-sierra-lakes-pkwy,34.138460305686856,-117.44145879080668,California
3132,17150 Brookhurst St,Fountain Valley,CA,92708,(714) 377-2698,ca/fountain-valley/17150-brookhurst-st,33.714134,-117.954105,California
229,18951 Brookhurst St,Fountain Valley,CA,92708,(714) 968-4003,ca/fountain-valley/18951-brookhurst-st,33.68759248664302,-117.95451643741706,California
651,2760 Mowry Ave,Fremont,CA,94538,(510) 791-8411,ca/fremont/2760-mowry-ave,37.554397790514614,-121.98171172607476,California
3005,44029 Osgood Rd,Fremont,CA,94539,(510) 657-8802,ca/fremont/44029-osgood-rd,37.51111452118028,-121.94075768554939,California
976,5565 Auto Mall Pkwy,Fremont,CA,94538,(510) 979-9397,ca/fremont/5565-auto-mall-pkwy,37.50434624597707,-121.97563680350913,California
2892,3520 N Blackstone Ave,Fresno,CA,93726,(559) 243-7418,ca/fresno/3520-n-blackstone-ave,36.78161964568193,-119.79007662149581,California
2739,4424 W Shaw Ave,Fresno,CA,93722,(559) 274-9973,ca/fresno/4424-w-shaw-ave,36.80942382028508,-119.87181903191185,California
1932,4978 N Cedar Ave,Fresno,CA,93726,(559) 490-0136,ca/fresno/4978-n-cedar-ave,36.8081309228704,-119.75344405147962,California
110,5128 N Palm Ave,Fresno,CA,93704,(559) 225-1166,ca/fresno/5128-n-palm-ave,36.81108327268125,-119.8080885580822,California
4212,6702 N Brawley Ave,Fresno,CA,93711,(559) 550-1809,ca/fresno/6702-n-brawley-ave,36.83564343834002,-119.86199011716194,California
1509,80 E Nees Ave,Fresno,CA,93720,(559) 490-0605,ca/fresno/80-e-nees-ave,36.852130620865516,-119.78899949694159,California
2681,101 E Orangethorpe Ave,Fullerton,CA,92832,(714) 578-6764,ca/fullerton/101-e-orangethorpe-ave,33.859725096408425,-117.92382825257039,California
684,501 N State College Blvd,Fullerton,CA,92831,(714) 525-2121,ca/fullerton/501-n-state-college-blvd,33.87455997679416,-117.8901444286216,California
2237,1135 Glendale Galleria,Glendale,CA,91210,(818) 507-8455,ca/glendale/1135-glendale-galleria,34.145124,-118.259326,California
1296,132 N Glendale Ave,Glendale,CA,91206,(818) 244-5091,ca/glendale/132-n-glendale-ave,34.14745710452632,-118.24634196073055,California
2500,155 N. Brand Blvd.,Glendale,CA,91203,(818) 543-7652,ca/glendale/155-n-brand-blvd,34.14795064352478,-118.25529353628349,California
1176,16241 Beach Blvd,Huntington Beach,CA,92647,(714) 841-8701,ca/huntington-beach/16241-beach-blvd,33.726848923164056,-117.98969228282067,California
,20962 Magnolia St,Huntington Beach,CA,92646,(657) 502-0007,ca/huntington-beach/20962-magnolia-st,33.8037935,-117.975649,California
1920,7101 Yorktown Ave,Huntington Beach,CA,92648,(657) 204-7171,ca/huntington-beach/7101-yorktown-ave,33.68070597247496,-118.0043468788187,California
3504,42213 Jackson St,Indio,CA,92203,(760) 989-4616,ca/indio/42213-jackson-st,33.7426696,-116.2167608,California
,49810 Jefferson St,Indio,CA,92201,(442) 307-5866,ca/indio/49810-jefferson-st,33.68870065427701,-116.26826015331797,California
2877,2944 W Imperial Hwy,Inglewood,CA,90303,(323) 779-2619,ca/inglewood/2944-w-imperial-hwy,33.93072,-118.32543,California
3578,3421 W Century Blvd,Inglewood,CA,90303,(424) 732-7533,ca/inglewood/3421-w-century-blvd,33.9464402,-118.332277,California
3960,3911 Irvine Blvd,Irvine,CA,92602,(657) 467-6310,ca/irvine/3911-irvine-blvd,33.722913861828914,-117.77250782885207,California
1492,3966 Barranca Pkwy,Irvine,CA,92606,(949) 390-8276,ca/irvine/3966-barranca-pkwy,33.68552416345209,-117.81125817954432,California
2116,4255 Campus Dr,Irvine,CA,92612,(949) 242-3737,ca/irvine/4255-campus-dr,33.64951310587863,-117.8390773262272,California
2070,6424 Irvine Blvd,Irvine,CA,92620,(949) 242-3284,ca/irvine/6424-irvine-blvd,33.69833291147472,-117.74095873973448,California
,6500 Irvine Center Dr,Irvine,CA,92618,(949) 202-5040,ca/irvine/6500-irvine-center-dr,33.669544,-117.765364,California
1026,731 Spectrum Center Dr,Irvine,CA,92618,(949) 753-0554,ca/irvine/731-spectrum-center-dr,33.65076778673915,-117.74288414416293,California
1349,27221 La Paz Rd,Laguna Niguel,CA,92677,(949) 448-8328,ca/laguna-niguel/27221-la-paz-rd,33.568050895227415,-117.70855873098566,California
1461,32391 Golden Lantern,Laguna Niguel,CA,92677,(949) 272-5605,ca/laguna-niguel/32391-golden-lantern,33.49306587332824,-117.69843000859211,California
132,22379 El Toro Rd,Lake Forest,CA,92630,(949) 830-9091,ca/lake-forest/22379-el-toro-rd,33.637965309430356,-117.6806010030881,California
1096,23645 El Toro Road,Lake Forest,CA,92630,(949) 587-1550,ca/lake-forest/23645-el-toro-road,33.61882578365792,-117.70345915116064,California
3537,26592 Towne Centre Dr,Lake Forest,CA,92610,(949) 273-0877,ca/lake-forest/26592-towne-centre-dr,33.677262,-117.666662,California
2687,3238 Livermore Outlets Dr,Livermore,CA,94551,(925) 373-0453,ca/livermore/3238-livermore-outlets-dr,37.698531464662665,-121.84489624614488,California
2078,4691 1st St,Livermore,CA,94551,(925) 243-9914,ca/livermore/4691-1st-st,37.69911086622164,-121.74162527883607,California
1556,2310 Tienda Dr,Lodi,CA,95242,(209) 371-0881,ca/lodi/2310-tienda-dr,38.116714,-121.302485,California
3506,2601 Reynolds Ranch Pkwy,Lodi,CA,95240,(209) 642-4273,ca/lodi/2601-reynolds-ranch-pkwy,38.100800650401936,-121.266857327001,California
825,1800 Ximeno Ave,Long Beach,CA,90815,(562) 597-0469,ca/long-beach/1800-ximeno-ave,33.79012665654251,-118.1386805582838,California
3168,245 Pine Ave,Long Beach,CA,90802,(562) 432-9472,ca/long-beach/245-pine-ave,33.770147975849525,-118.19266047015526,California
1807,6324 E Pacific Coast Hwy,Long Beach,CA,90803,(562) 430-2079,ca/long-beach/6324-e-pacific-coast-hwy,33.75992213118886,-118.11493196553525,California
2095,10250 Santa Monica Blvd,Los Angeles,CA,90067,(424) 204-0026,ca/los-angeles/10250-santa-monica-blvd,34.05797479768634,-118.41965665947433,California
1084,1077 Broxton Ave,Los Angeles,CA,90024,(310) 824-4180,ca/los-angeles/1077-broxton-ave,34.061058613094744,-118.44631431715572,California
758,110 S Fairfax Ave,Los Angeles,CA,90036,(323) 857-0608,ca/los-angeles/110-s-fairfax-ave,34.07371368469808,-118.36095654892976,California
3119,1122 W 6th St,Los Angeles,CA,90017,(213) 250-9277,ca/los-angeles/1122-w-6th-st,34.054200666523464,-118.26337541964341,California
1585,11690 San Vicente Blvd,Los Angeles,CA,90049,(424) 652-4336,ca/los-angeles/11690-san-vicente-blvd,34.05350633181874,-118.46487593252175,California
2944,11711 National Blvd,Los Angeles,CA,90064,(310) 231-1135,ca/los-angeles/11711-national-blvd,34.022681490352895,-118.43917967651839,California
4227,1550 S La Cienega Blvd,Los Angeles,CA,90035,(424) 421-1240,ca/los-angeles/1550-s-la-cienega-blvd,34.049130007714794,-118.37585584048001,California
3062,2134 W Sunset Blvd,Los Angeles,CA,90026,(213) 989-6914,ca/los-angeles/2134-w-sunset-blvd,34.07714537434653,-118.26476045157142,California
,2200 Trojan Way,Los Angeles,CA,90033,(909) 480-3436,ca/los-angeles/2200-trojan-way,34.06414329182321,-118.20230903510205,California
,255 S Grand Ave,Los Angeles,CA,90012,(213) 335-5025,ca/los-angeles/255-s-grand-ave,34.053450363282316,-118.25139227852469,California
,2595 S Hoover St,Los Angeles,CA,90007,(213) 863-4566,ca/los-angeles/2595-s-hoover-st,34.03208483607215,-118.28431885583643,California
1967,301 N Larchmont Blvd,Los Angeles,CA,90004,(323) 978-2047,ca/los-angeles/301-n-larchmont-blvd,34.07643494986921,-118.32395840740463,California
2988,301 W Olympic Blvd,Los Angeles,CA,90015,(213) 623-3306,ca/los-angeles/301-w-olympic-blvd,34.042015,-118.25841,California
1913,3183 Wilshire Blvd,Los Angeles,CA,90010,(213) 884-4094,ca/los-angeles/3183-wilshire-blvd,34.0621866752937,-118.29138750532945,California
945,3748 S Figueroa St,Los Angeles,CA,90007,(213) 765-9068,ca/los-angeles/3748-s-figueroa-st,34.01695555547079,-118.28258402025506,California
1945,4550 W Pico Blvd,Los Angeles,CA,90019,(323) 297-0628,ca/los-angeles/4550-w-pico-blvd,34.0481825,-118.33601217,California
2374,5047 Eagle Rock Blvd,Los Angeles,CA,90041,(323) 206-5414,ca/los-angeles/5047-eagle-rock-blvd,34.138332433303944,-118.2147237946707,California
913,5550 Wilshire Blvd,Los Angeles,CA,90036,(323) 272-6661,ca/los-angeles/5550-wilshire-blvd,34.06212336959151,-118.35021525720066,California
1500,601 W 7th St,Los Angeles,CA,90017,(213) 283-2058,ca/los-angeles/601-w-7th-st,34.04759612692327,-118.25664718579833,California
,6290 W Sunset Blvd,Los Angeles,CA,90028,(213) 521-2441,ca/los-angeles/6290-w-sunset-blvd,34.09784069977157,-118.3263496790029,California
3094,6719 La Tijera Blvd,Los Angeles,CA,90045,(310) 665-9478,ca/los-angeles/6719-la-tijera-blvd,33.978884768617974,-118.37066314049281,California
1538,7101 Melrose Ave,Los Angeles,CA,90046,(323) 297-0334,ca/los-angeles/7101-melrose-ave,34.08362649308188,-118.3443386895666,California
1413,7660 W Sunset Blvd,Los Angeles,CA,90046,(323) 952-5160,ca/los-angeles/7660-w-sunset-blvd,34.0978471129027,-118.35690521268083,California
2461,8420 Beverly Blvd,Los Angeles,CA,90048,(323) 782-1281,ca/los-angeles/8420-beverly-blvd,34.07313567,-118.37276533,California
1757,25523 Marguerite Pkwy,Mission Viejo,CA,92692,(949) 420-2316,ca/mission-viejo/25523-marguerite-pkwy,33.59225511328315,-117.66029921708538,California
2941,27750 Crown Valley Pkwy,Mission Viejo,CA,92691,(949) 347-1663,ca/mission-viejo/27750-crown-valley-pkwy,33.559430658968246,-117.67142648344975,California
3012,Vc10 Shops At Mission Viejo,Mission Viejo,CA,92691,(949) 347-1530,ca/mission-viejo/vc10-shops-at-mission-viejo,33.5577252,-117.6684666,California
2653,1801 McHenry Ave,Modesto,CA,95350,(209) 522-0013,ca/modesto/1801-mchenry-ave,37.670898363220275,-120.9946327764062,California
1378,3401 Dale Rd,Modesto,CA,95356,(209) 550-0540,ca/modesto/3401-dale-rd,37.6876585442444,-121.05255809897119,California
135,500 Del Monte Ctr,Monterey,CA,93940,(831) 641-9353,ca/monterey/500-del-monte-ctr,36.58351079602785,-121.89678568496998,California
2150,560 Munras Ave,Monterey,CA,93940,(831) 718-9369,ca/monterey/560-munras-ave,36.596602,-121.894703,California
1611,1039 El Monte Ave,Mountain View,CA,94040,(650) 919-8448,ca/mountain-view/1039-el-monte-ave,37.39063600714947,-122.09439689265196,California
801,2400 Charleston Rd,Mountain View,CA,94043,(650) 969-6528,ca/mountain-view/2400-charleston-rd,37.4218453291052,-122.09651837949752,California
1527,1715 Trancas St,Napa,CA,94558,(707) 226-1769,ca/napa/1715-trancas-st,38.3212999,-122.3059614,California
2415,304 Soscol Ave,Napa,CA,94559,(707) 227-1200,ca/napa/304-soscol-ave,38.28588119085403,-122.27434205735756,California
1441,1322 Bison Ave,Newport Beach,CA,92660,(949) 219-0717,ca/newport-beach/1322-bison-ave,33.63897764137414,-117.8600891346731,California
1525,3101 Newport Blvd,Newport Beach,CA,92663,(949) 200-4354,ca/newport-beach/3101-newport-blvd,33.6152648852506,-117.93063838245149,California
9998,610 Newport Center Dr,Newport Beach,CA,92660,(303) 222-2541,ca/newport-beach/610-newport-center-dr,33.6184533,-117.8726216,California
2911,13075 Victory Blvd,North Hollywood,CA,91606,(818) 763-2975,ca/north-hollywood/13075-victory-blvd,34.18708117562117,-118.41715728339146,California
1843,5240 Lankershim Blvd,North Hollywood,CA,91601,(818) 643-2196,ca/north-hollywood/5240-lankershim-blvd,34.1661600822382,-118.37501567104817,California
1746,19332 Nordhoff St,Northridge,CA,91324,(818) 671-2232,ca/northridge/19332-nordhoff-st,34.23468376233135,-118.55489721694748,California
3026,8420 Balboa Blvd,Northridge,CA,91325,(818) 891-1034,ca/northridge/8420-balboa-blvd,34.2236510643574,-118.5018123438137,California
3534,9160 Reseda Blvd,Northridge,CA,91324,(818) 435-6290,ca/northridge/9160-reseda-blvd,34.23697270172239,-118.53570619413169,California
4110,1302 Broadway,Oakland,CA,94612,(341) 699-7499,ca/oakland/1302-broadway,37.80371968186794,-122.27124746195393,California
2544,3017 Broadway,Oakland,CA,94611,(510) 763-1432,ca/oakland/3017-broadway,37.81919,-122.262585,California
1738,3271 Lakeshore Ave,Oakland,CA,94610,(510) 788-6900,ca/oakland/3271-lakeshore-ave,37.810767415996374,-122.24476638808744,California
1901,8460 Edgewater Dr,Oakland,CA,94621,(510) 686-8000,ca/oakland/8460-edgewater-dr,37.73794078618209,-122.19746573745556,California
479,2611 Vista Way,Oceanside,CA,92054,(760) 721-6904,ca/oceanside/2611-vista-way,33.181845768432154,-117.33164935031454,California
1640,4111 Oceanside Blvd,Oceanside,CA,92056,(760) 659-4147,ca/oceanside/4111-oceanside-blvd,33.205653064520334,-117.28861079569788,California
2678,495 College Blvd,Oceanside,CA,92057,(760) 758-1493,ca/oceanside/495-college-blvd,33.245213451838396,-117.29050765091336,California
1783,1 Mills Cir,Ontario,CA,91764,(909) 694-2357,ca/ontario/1-mills-cir,34.073101,-117.552031,California
2346,2200 S Grove Ave,Ontario,CA,91761,(909) 930-6149,ca/ontario/2200-s-grove-ave,34.03347387024438,-117.62885404299324,California
3983,112 E Maple Ave,Orange,CA,92866,(714) 912-8544,ca/orange/112-e-maple-ave,33.78954252965513,-117.85282797648462,California
596,2202 N Tustin St,Orange,CA,92865,(714) 283-5010,ca/orange/2202-n-tustin-st,33.82580291158203,-117.83640855889553,California
1641,3440 E Chapman Ave,Orange,CA,92869,(657) 888-6149,ca/orange/3440-e-chapman-ave,33.787170245544765,-117.8165608815973,California
3219,1291 S Victoria Ave,Oxnard,CA,93035,(805) 228-5324,ca/oxnard/1291-s-victoria-ave,34.18947175841615,-119.22165433571324,California
1964,369 W Esplanade Dr,Oxnard,CA,93036,(805) 200-2052,ca/oxnard/369-w-esplanade-dr,34.23402920478308,-119.17877830129345,California
2501,34100 Monterey Ave,Palm Desert,CA,92211,(760) 202-1126,ca/palm-desert/34100-monterey-ave,33.801446689642624,-116.38747067484036,California
4418,39575 Washington St,Palm Desert,CA,92211,(442) 305-4562,ca/palm-desert/39575-washington-st,33.76305897480835,-116.30105329921986,California
1251,72333 Highway 111,Palm Desert,CA,92260,(760) 346-1838,ca/palm-desert/72333-highway-111,33.72810403189702,-116.40305055475794,California
326,1125 W Rancho Vista Blvd,Palmdale,CA,93551,(661) 266-0944,ca/palmdale/1125-w-rancho-vista-blvd,34.60234325273732,-118.15016453697854,California
,38207 47th Street East,Palmdale,CA,93552,(661) 349-4468,ca/palmdale/38207-47th-street-east,34.5792556,-118.0451917,California
1617,180 El Camino Real,Palo Alto,CA,94304,(650) 618-6994,ca/palo-alto/180-el-camino-real,37.44481458900919,-122.16927148831822,California
1265,2675 El Camino Real,Palo Alto,CA,94306,(650) 462-9154,ca/palo-alto/2675-el-camino-real,37.42387416998631,-122.14306001409534,California
3577,1687 E Colorado Blvd,Pasadena,CA,91106,(626) 765-3314,ca/pasadena/1687-e-colorado-blvd,34.1462581,-118.1155796,California
929,246 S Lake Ave,Pasadena,CA,91101,(626) 229-9173,ca/pasadena/246-s-lake-ave,34.14161284582905,-118.13193169412368,California
207,3409 E Foothill Blvd,Pasadena,CA,91107,(626) 351-6017,ca/pasadena/3409-e-foothill-blvd,34.151687162182554,-118.08020075602525,California
2741,552 Contra Costa Blvd,Pleasant Hill,CA,94523,(925) 671-0108,ca/pleasant-hill/552-contra-costa-blvd,37.97809400000003,-122.06741798834324,California
140,60 Crescent Dr,Pleasant Hill,CA,94523,(925) 674-0615,ca/pleasant-hill/60-crescent-dr,37.94573569798795,-122.06170254193489,California
215,10811 Foothill Blvd,Rancho Cucamonga,CA,91730,(909) 476-8424,ca/rancho-cucamonga/10811-foothill-blvd,34.10618371186749,-117.56885251629608,California
785,11334 4th St,Rancho Cucamonga,CA,91730,(909) 476-7863,ca/rancho-cucamonga/11334-4th-st,34.07764976353122,-117.55757129295694,California
1380,7879 Monticello Ave,Rancho Cucamonga,CA,91739,(909) 899-0701,ca/rancho-cucamonga/7879-monticello-ave,34.11030699439223,-117.53548142270182,California
2647,27511 San Bernardino Ave,Redlands,CA,92374,(909) 335-7045,ca/redlands/27511-san-bernardino-ave,34.07402297315253,-117.20509066417401,California
233,635 Orange St,Redlands,CA,92374,(909) 307-8424,ca/redlands/635-orange-st,34.06115084976654,-117.18292099477748,California
,224 Redwood Shores Pkwy,Redwood City,CA,94065,(650) 674-4006,ca/redwood-city/224-redwood-shores-pkwy,37.52172124999472,-122.25185753841744,California
430,861 Middlefield Rd,Redwood City,CA,94063,(650) 216-9325,ca/redwood-city/861-middlefield-rd,37.48582585979885,-122.22887095577227,California
2424,1314 S Riverside Ave,Rialto,CA,92376,(909) 879-7332,ca/rialto/1314-s-riverside-ave,34.07724446256744,-117.3707390808774,California
2360,186 E Easton St,Rialto,CA,92376,(909) 879-7807,ca/rialto/186-e-easton-st,34.13477400873257,-117.36932463011198,California
,22430 Van Buren Blvd,Riverside,CA,92518,(951) 867-4536,ca/riverside/22430-van-buren-blvd,33.8884688319714,-117.27336015166965,California
2598,3510 Tyler St,Riverside,CA,92503,(951) 351-2604,ca/riverside/3510-tyler-st,33.90711401311614,-117.4582640656414,California
333,3525 Riverside Plaza Dr,Riverside,CA,92506,(951) 779-1962,ca/riverside/3525-riverside-plaza-dr,33.955641,-117.389392,California
2373,8956 Trautwein Rd,Riverside,CA,92508,(951) 697-6910,ca/riverside/8956-trautwein-rd,33.89025918631179,-117.32418543219165,California
275,1136 Galleria Blvd,Roseville,CA,95678,(916) 783-8841,ca/roseville/1136-galleria-blvd,38.770105437763675,-121.26476193559932,California
,1980 Blue Oaks Blvd,Roseville,CA,95747,(279) 336-5288,ca/roseville/1980-blue-oaks-blvd,38.79211759276148,-121.35690508295247,California
290,3988 Douglas Blvd,Roseville,CA,95661,(916) 786-9218,ca/roseville/3988-douglas-blvd,38.74303637962803,-121.227539677001,California
,4200 Thrive Dr,Roseville,CA,95678,(916) 742-7121,ca/roseville/4200-thrive-dr,38.793988,-121.299896,California
926,781 Pleasant Grove Blvd,Roseville,CA,95678,(916) 788-8282,ca/roseville/781-pleasant-grove-blvd,38.7895085668169,-121.28090681840268,California
3227,1601 Broadway,Sacramento,CA,95818,(916) 442-2169,ca/sacramento/1601-broadway,38.561828,-121.491902,California
200,1729 Howe Ave,Sacramento,CA,95825,(916) 646-4571,ca/sacramento/1729-howe-ave,38.59735987605298,-121.41587020828382,California
184,1831 Capitol Ave,Sacramento,CA,95811,(916) 444-8940,ca/sacramento/1831-capitol-ave,38.57402706388792,-121.48275713189452,California
176,2517 Fair Oaks Blvd,Sacramento,CA,95825,(916) 487-1125,ca/sacramento/2517-fair-oaks-blvd,38.5756492793364,-121.4033964150297,California
,2650 Arena Blvd,Sacramento,CA,95834,(279) 247-9068,ca/sacramento/2650-arena-blvd,38.6426399,-121.5210512,California
3162,2800 Del Paso Rd,Sacramento,CA,95834,(916) 575-8816,ca/sacramento/2800-del-paso-rd,38.65552956908005,-121.52395433636383,California
3745,3302 Arden Way,Sacramento,CA,95825,(279) 499-0080,ca/sacramento/3302-arden-way,38.595836,-121.386417,California
1154,3328 El Camino Ave,Sacramento,CA,95821,(916) 485-6305,ca/sacramento/3328-el-camino-ave,38.61001551696079,-121.3857316063258,California
601,3830 Truxel Rd,Sacramento,CA,95834,(916) 574-9671,ca/sacramento/3830-truxel-rd,38.63867609436161,-121.50498536258294,California
1472,4001 Freeport Blvd,Sacramento,CA,95822,(916) 596-4005,ca/sacramento/4001-freeport-blvd,38.53778240419858,-121.49241688337742,California
1016,5040 Auburn Blvd,Sacramento,CA,95841,(916) 334-5200,ca/sacramento/5040-auburn-blvd,38.66020923057192,-121.34704147761272,California
2158,5738 Folsom Blvd,Sacramento,CA,95819,(916) 245-5062,ca/sacramento/5738-folsom-blvd,38.557712,-121.4366786,California
3472,615 David J Stern Walk,Sacramento,CA,95814,(916) 596-3882,ca/sacramento/615-david-j-stern-walk,38.5808194,-121.4987154,California
2998,8124 Delta Shores Cir S,Sacramento,CA,95832,(916) 665-1642,ca/sacramento/8124-delta-shores-cir-s,38.46512508228903,-121.49228194156194,California
1635,101 W Broadway,San Diego,CA,92101,(619) 810-2383,ca/san-diego/101-w-broadway,32.71513987778212,-117.16430473950062,California
1141,1025 Camino De La Reina,San Diego,CA,92108,(619) 491-0481,ca/san-diego/1025-camino-de-la-reina,32.76798397845298,-117.15325137913322,California
2034,10550 Craftsman Way,San Diego,CA,92127,(858) 304-3024,ca/san-diego/10550-craftsman-way,33.02013968053748,-117.11107023715459,California
1692,11134 Rancho Carmel Dr,San Diego,CA,92128,(858) 524-5614,ca/san-diego/11134-rancho-carmel-dr,32.97977174791824,-117.08269000307575,California
199,1504 Garnet Ave,San Diego,CA,92109,(858) 274-3093,ca/san-diego/1504-garnet-ave,32.79971538531029,-117.24262253617752,California
2164,2750 Bauer Road,San Diego,CA,92145,(858) 689-0001,ca/san-diego/2750-bauer-road,32.88780078187407,-117.13142984785372,California
603,3680 Rosecrans St,San Diego,CA,92110,(619) 222-0508,ca/san-diego/3680-rosecrans-st,32.75119540858461,-117.20560606468263,California
1770,3881 Valley Centre Dr,San Diego,CA,92130,(858) 724-0994,ca/san-diego/3881-valley-centre-dr,32.93772358950651,-117.23012450267805,California
1921,5650 Balboa Ave,San Diego,CA,92111,(858) 380-2316,ca/san-diego/5650-balboa-ave,32.820499457084594,-117.17898082729818,California
2302,6083 El Cajon Blvd,San Diego,CA,92115,(619) 265-2417,ca/san-diego/6083-el-cajon-blvd,32.76128861846487,-117.0666150433999,California
2086,7081 Clairemont Mesa Blvd,San Diego,CA,92111,(858) 380-2301,ca/san-diego/7081-clairemont-mesa-blvd,32.831583765641234,-117.16460263069126,California
159,734 University Ave,San Diego,CA,92103,(619) 209-3688,ca/san-diego/734-university-ave,32.74861224137139,-117.1576661688702,California
235,8250 Mira Mesa Blvd,San Diego,CA,92126,(858) 586-2147,ca/san-diego/8250-mira-mesa-blvd,32.914052002712026,-117.14592763616781,California
1460,121 4th St,San Francisco,CA,94103,(415) 500-9635,ca/san-francisco/121-4th-st,37.78430291464379,-122.40361731532687,California
1637,1523 Sloat Blvd,San Francisco,CA,94132,(415) 592-2187,ca/san-francisco/1523-sloat-blvd,37.73245288257204,-122.48998301707604,California
1857,211 Sutter St,San Francisco,CA,94104,(415) 590-4199,ca/san-francisco/211-sutter-st,37.7896709,-122.4039997,California
2293,2675 Geary Boulevard,San Francisco,CA,94118,(415) 202-0781,ca/san-francisco/2675-geary-boulevard,37.78205287353228,-122.44653641055487,California
2080,3251 20th Ave,San Francisco,CA,94132,(415) 418-3048,ca/san-francisco/3251-20th-ave,37.7276457,-122.4765986,California
2828,400 Howard St,San Francisco,CA,94105,(415) 442-0211,ca/san-francisco/400-howard-st,37.78937085749672,-122.39583639938832,California
1566,50 California St,San Francisco,CA,94111,(415) 500-9511,ca/san-francisco/50-california-st,37.7942596,-122.3974244,California
839,525 Market Street,San Francisco,CA,94105,(415) 278-0461,ca/san-francisco/525-market-street,37.79046409288761,-122.39929950399244,California
3069,1 S Market St,San Jose,CA,95113,(408) 938-0919,ca/san-jose/1-s-market-st,37.335014405104545,-121.89258033644445,California
1765,1095 E Brokaw Rd,San Jose,CA,95131,(408) 703-2871,ca/san-jose/1095-e-brokaw-rd,37.38309436617842,-121.89687953849251,California
1600,1110 Blossom Hill Rd,San Jose,CA,95118,(408) 724-5272,ca/san-jose/1110-blossom-hill-rd,37.24964078046565,-121.87626490388577,California
3068,1566 Monterey Hwy,San Jose,CA,95110,(408) 286-3371,ca/san-jose/1566-monterey-hwy,37.31446351173001,-121.87146726951444,California
1241,1645 Saratoga Ave,San Jose,CA,95129,(408) 777-8902,ca/san-jose/1645-saratoga-ave,37.29292404334293,-121.99117377852156,California
1107,2007 Camden Ave,San Jose,CA,95124,(408) 369-8163,ca/san-jose/2007-camden-ave,37.262196276218305,-121.93178962662427,California
2045,2855 Stevens Creek Blvd,San Jose,CA,95050,(408) 418-4086,ca/san-jose/2855-stevens-creek-blvd,37.32615899084708,-121.94394082015276,California
2138,2990 E Capitol Expy,San Jose,CA,95148,(408) 300-5114,ca/san-jose/2990-e-capitol-expy,37.331138775240554,-121.81211644155081,California
2110,361 N Capitol Ave,San Jose,CA,95133,(408) 457-6347,ca/san-jose/361-n-capitol-ave,37.3711472221808,-121.84490282047204,California
1416,369 S Winchester Blvd,San Jose,CA,95128,(408) 213-2935,ca/san-jose/369-s-winchester-blvd,37.321716266020005,-121.95055006271474,California
1561,4180 N 1st St,San Jose,CA,95134,(408) 520-4827,ca/san-jose/4180-n-1st-st,37.41624775063058,-121.95495192858843,California
2151,540 Newhall Dr,San Jose,CA,95110,(408) 418-4500,ca/san-jose/540-newhall-dr,37.35053145005193,-121.92219511558075,California
2258,5670 Cottle Rd,San Jose,CA,95123,(408) 300-5186,ca/san-jose/5670-cottle-rd,37.24865130878421,-121.80287968553824,California
1093,975 The Alameda,San Jose,CA,95126,(408) 288-9172,ca/san-jose/975-the-alameda,37.331906817882945,-121.90865991226781,California
2187,345 3rd St,San Rafael,CA,94901,(415) 300-3028,ca/san-rafael/345-3rd-st,37.96956572128692,-122.5167520404928,California
1308,5800 Northgate Dr,San Rafael,CA,94903,(415) 507-0493,ca/san-rafael/5800-northgate-dr,38.003597227394856,-122.54408339512385,California
3550,132 Sunset Dr,San Ramon,CA,94583,(925) 380-1426,ca/san-ramon/132-sunset-dr,37.76160124128773,-121.96254508963604,California
221,2421 San Ramon Valley Blvd,San Ramon,CA,94583,(925) 820-4110,ca/san-ramon/2421-san-ramon-valley-blvd,37.775151705046845,-121.97801796374807,California
2214,1313 W 17th St,Santa Ana,CA,92706,(714) 380-3974,ca/santa-ana/1313-w-17th-st,33.76036780466999,-117.88610817392521,California
1929,2773 N Main St,Santa Ana,CA,92705,(714) 656-0005,ca/santa-ana/2773-n-main-st,33.77336674902728,-117.86701247985775,California
805,3705 S Bristol St,Santa Ana,CA,92704,(714) 754-7380,ca/santa-ana/3705-s-bristol-st,33.69835440817147,-117.88499861869985,California
2227,629 S Harbor Blvd,Santa Ana,CA,92704,(714) 775-8531,ca/santa-ana/629-s-harbor-blvd,33.73867472818457,-117.91965691960246,California
2047,2002 El Camino Real,Santa Clara,CA,95050,(408) 418-4508,ca/santa-clara/2002-el-camino-real,37.35207161322408,-121.96027531067614,California
3293,3249 Coronado Pl,Santa Clara,CA,95054,(408) 562-0083,ca/santa-clara/3249-coronado-pl,37.380903202257706,-121.97438984225003,California
2149,3952 Rivermark Plz,Santa Clara,CA,95054,(408) 418-4103,ca/santa-clara/3952-rivermark-plz,37.39480489533197,-121.946407394792,California
1128,19085 Golden Valley Rd,Santa Clarita,CA,91387,(661) 298-0899,ca/santa-clarita/19085-golden-valley-rd,34.394496758831735,-118.46282056470119,California
,26543 Bouquet Canyon Rd,Santa Clarita,CA,91350,(661) 347-0566,ca/santa-clarita/26543-bouquet-canyon-rd,34.427744923930995,-118.53743189386577,California
1392,1218 3rd Street Promenade,Santa Monica,CA,90401,(310) 458-2141,ca/santa-monica/1218-3rd-street-promenade,34.017694847287615,-118.49898555066977,California
3093,2025 Wilshire Blvd,Santa Monica,CA,90403,(310) 453-0057,ca/santa-monica/2025-wilshire-blvd,34.031985802324826,-118.48289062822437,California
1377,2182 Santa Rosa Ave,Santa Rosa,CA,95407,(707) 228-1023,ca/santa-rosa/2182-santa-rosa-ave,38.417914,-122.712384,California
2044,336A Coddingtown Ctr,Santa Rosa,CA,95401,(707) 521-0012,ca/santa-rosa/336a-coddingtown-ctr,38.458189,-122.730058,California
2093,14006 Riverside Dr,Sherman Oaks,CA,91423,(818) 804-2001,ca/sherman-oaks/14006-riverside-dr,34.15712364375744,-118.43730202944775,California
1942,14708 Ventura Blvd,Sherman Oaks,CA,91403,(818) 455-4798,ca/sherman-oaks/14708-ventura-blvd,34.1515368,-118.4536181,California
2387,10710 Trinity Pkwy,Stockton,CA,95219,(209) 390-1023,ca/stockton/10710-trinity-pkwy,38.05395499439947,-121.3747237642123,California
,1205 E Hammer Ln,Stockton,CA,95210,(209) 800-0870,ca/stockton/1205-e-hammer-ln,38.02125776284088,-121.29702545636836,California
299,4940 Pacific Ave,Stockton,CA,95207,(209) 476-7217,ca/stockton/4940-pacific-ave,37.9946689016608,-121.3134374044431,California
2434,26440 Ynez Rd,Temecula,CA,92591,(951) 296-5438,ca/temecula/26440-ynez-rd,33.52408850756488,-117.15898745674133,California
1782,32195 Temecula Pkwy,Temecula,CA,92592,(951) 303-6215,ca/temecula/32195-temecula-pkwy,33.4809812683985,-117.09695558341605,California
2767,162 W Hillcrest Dr,Thousand Oaks,CA,91360,(805) 230-9193,ca/thousand-oaks/162-w-hillcrest-dr,34.1820459658838,-118.88495811319467,California
706,935 Broadbeck Dr,Thousand Oaks,CA,91320,(805) 499-3561,ca/thousand-oaks/935-broadbeck-dr,34.19117099752564,-118.93773068467311,California
1451,21300 Hawthorne Blvd,Torrance,CA,90503,(424) 254-2378,ca/torrance/21300-hawthorne-blvd,33.834988127866936,-118.35280468949355,California
198,24631 Crenshaw Blvd,Torrance,CA,90505,(310) 530-0690,ca/torrance/24631-crenshaw-blvd,33.8018331177992,-118.32843426381467,California
2157,3525 W Carson St,Torrance,CA,90503,(424) 206-4202,ca/torrance/3525-w-carson-st,33.83215801411273,-118.34935026655486,California
472,13348 Newport Ave,Tustin,CA,92780,(714) 665-6730,ca/tustin/13348-newport-ave,33.74511975475779,-117.8146216464283,California
2942,15040 Kensington Park Dr,Tustin,CA,92782,(714) 259-7739,ca/tustin/15040-kensington-park-dr,33.7126826891727,-117.81714811920403,California
2156,1053 E 19th St,Upland,CA,91784,(909) 694-0384,ca/upland/1053-e-19th-st,34.13235746297344,-117.63666496810549,California
230,1092 N Mountain Ave,Upland,CA,91786,(909) 579-0999,ca/upland/1092-n-mountain-ave,34.108382301763804,-117.66990272822437,California
3403,2057 W Baseline Rd,Upland,CA,91784,(909) 256-0908,ca/upland/2057-w-baseline-rd,34.121970163634444,-117.69212302883524,California
1385,24405 Town Center Dr,Valencia,CA,91355,(661) 284-2461,ca/valencia/24405-town-center-dr,34.41790748929424,-118.5614417741988,California
759,28102 Newhall Ranch Rd,Valencia,CA,91355,(661) 257-9526,ca/valencia/28102-newhall-ranch-rd,34.44265729728954,-118.57377455752419,California
179,1145 S Victoria Ave,Ventura,CA,93003,(805) 650-6627,ca/ventura/1145-s-victoria-ave,34.264407012492484,-119.21258497340176,California
908,488 S Mills Rd,Ventura,CA,93003,(805) 654-0143,ca/ventura/488-s-mills-rd,34.26674003395353,-119.2460874911045,California
,248 Plaza Drive,Visalia,CA,93291,(559) 553-1044,ca/visalia/248-plaza-drive,36.332455,-119.391475,California
962,4219 S Mooney Blvd,Visalia,CA,93277,(559) 636-8475,ca/visalia/4219-s-mooney-blvd,36.29236398834468,-119.31439473346643,California
588,143 N Barranca St,West Covina,CA,91791,(626) 967-6680,ca/west-covina/143-n-barranca-st,34.07314386726373,-117.88217626053346,California
2094,427 Plaza Dr,West Covina,CA,91790,(626) 384-2211,ca/west-covina/427-plaza-dr,34.0711073,-117.9327713,California
3648,2155 Town Center Plz,West Sacramento,CA,95691,(916) 273-8977,ca/west-sacramento/2155-town-center-plz,38.55033024778676,-121.5388056026676,California
1405,775 Ikea Ct,West Sacramento,CA,95605,(916) 617-2545,ca/west-sacramento/775-ikea-ct,38.59004108927359,-121.54966721860711,California
1812,10120 Carmenita Rd,Whittier,CA,90605,(562) 457-5327,ca/whittier/10120-carmenita-rd,33.941058210661204,-118.04621113497029,California
3854,11840 Whittier Blvd.,Whittier,CA,90601,(562) 478-8302,ca/whittier/11840-whittier-blvd,33.9800862,-118.0504845,California
1657,15528 Whittier Blvd,Whittier,CA,90603,(562) 371-2028,ca/whittier/15528-whittier-blvd,33.94439989978713,-117.9948264484621,California
227,5430 Topanga Canyon Blvd,Woodland Hills,CA,91367,(818) 710-0466,ca/woodland-hills/5430-topanga-canyon-blvd,34.16986787563659,-118.60526541245811,California
1647,6443 Canoga Ave,Woodland Hills,CA,91367,(747) 888-5101,ca/woodland-hills/6443-canoga-ave,34.187767500856566,-118.59791897265188,California
685,12550 W 64th Ave,Arvada,CO,80004,(303) 432-1101,co/arvada/12550-w-64th-ave,39.81138704861359,-105.13967820960727,Colorado
1039,5324 Wadsworth Byp,Arvada,CO,80002,(303) 431-6963,co/arvada/5324-wadsworth-byp,39.79394227375821,-105.08027198374691,Colorado
74,8797 Wadsworth Blvd,Arvada,CO,80003,(720) 898-8140,co/arvada/8797-wadsworth-blvd,39.85612606572959,-105.08244000828381,Colorado
23,1205 S Havana St,Aurora,CO,80012,(303) 369-3700,co/aurora/1205-s-havana-st,39.69457177229466,-104.8662978604334,Colorado
745,13700 E Colfax Ave,Aurora,CO,80011,(303) 344-2140,co/aurora/13700-e-colfax-ave,39.739898551963535,-104.82777096440066,Colorado
66,15280 E Iliff Ave,Aurora,CO,80014,(720) 747-9542,co/aurora/15280-e-iliff-ave,39.67436520279655,-104.81065555398465,Colorado
1145,2300 S Parker Rd,Aurora,CO,80231,(303) 873-1300,co/aurora/2300-s-parker-rd,39.674387993599474,-104.86957713591516,Colorado
943,24100 E Commons Ave,Aurora,CO,80016,(303) 400-3855,co/aurora/24100-e-commons-ave,39.604272012876336,-104.70758860763118,Colorado
871,3455 N Salida St,Aurora,CO,80011,(303) 371-2334,co/aurora/3455-n-salida-st,39.76402984439589,-104.77470535421776,Colorado
75,4205 S Buckley Rd,Aurora,CO,80013,(720) 870-3342,co/aurora/4205-s-buckley-rd,39.64020420778057,-104.79204735446893,Colorado
1291,6710 S Cornerstar Way,Aurora,CO,80016,(303) 586-8301,co/aurora/6710-s-cornerstar-way,39.59452341563532,-104.80637262864582,Colorado
1049,5642 Allen Way,Castle Rock,CO,80108,(303) 663-0552,co/castle-rock/5642-allen-way,39.41447192362294,-104.86400426898177,Colorado
,5954 Promenade Pkwy.,Castle Rock,CO,80108,(720) 983-1478,co/castle-rock/5954-promenade-pkwy,39.4194772,-104.8774765,Colorado
254,12073 E Arapahoe Rd,Centennial,CO,80112,(303) 708-1733,co/centennial/12073-e-arapahoe-rd,39.59543648274558,-104.84878740643137,Colorado
566,20209 E Smoky Hill Rd,Centennial,CO,80015,(303) 627-9080,co/centennial/20209-e-smoky-hill-rd,39.611241369091566,-104.75260376408829,Colorado
1885,8255 S Chester St,Centennial,CO,80112,(303) 768-0102,co/centennial/8255-s-chester-st,39.56723688545382,-104.88050550398464,Colorado
153,1370 Garden Of The Gods Rd,Colorado Springs,CO,80907,(719) 264-9749,co/colorado-springs/1370-garden-of-the-gods-rd,38.89705693862437,-104.85264341264832,Colorado
67,17 S Tejon St,Colorado Springs,CO,80903,(719) 632-4311,co/colorado-springs/17-s-tejon-st,38.833100878161346,-104.82310091436597,Colorado
,1846 Democracy Pt,Colorado Springs,CO,80908,(719) 249-1407,co/colorado-springs/1846-democracy-pt,38.99004614343266,-104.79606569138431,Colorado
185,2130 Southgate Rd,Colorado Springs,CO,80906,(719) 634-7199,co/colorado-springs/2130-southgate-rd,38.801806979117345,-104.81914475674591,Colorado
394,3026 New Center Pt,Colorado Springs,CO,80922,(719) 572-6699,co/colorado-springs/3026-new-center-pt,38.877091500581365,-104.71877154652476,Colorado
40,5079 N Academy Blvd,Colorado Springs,CO,80918,(719) 532-0900,co/colorado-springs/5079-n-academy-blvd,38.904331974959575,-104.77416895595184,Colorado
1070,5102 N Nevada Ave,Colorado Springs,CO,80918,(719) 219-0509,co/colorado-springs/5102-n-nevada-ave,38.90253350713101,-104.81810723064962,Colorado
,6530 Tutt Boulevard,Colorado Springs,CO,80923,(719) 895-3968,co/colorado-springs/6530-tutt-boulevard,38.9267899,-104.715689,Colorado
58,7818 N Academy Blvd,Colorado Springs,CO,80920,(719) 531-6800,co/colorado-springs/7818-n-academy-blvd,38.94636373455528,-104.80229773007682,Colorado
35,895 N Academy Blvd,Colorado Springs,CO,80909,(719) 572-1727,co/colorado-springs/895-n-academy-blvd,38.845449020855405,-104.75657311532689,Colorado
48,140 Steele St,Denver,CO,80206,(303) 329-6466,co/denver/140-steele-st,39.71855993156765,-104.94956138220903,Colorado
73,1480 16th St,Denver,CO,80202,(720) 904-2052,co/denver/1480-16th-st,39.75019553674283,-104.99920669863127,Colorado
9,1600 California St,Denver,CO,80202,(303) 615-5818,co/denver/1600-california-st,39.74538157729719,-104.9916039656581,Colorado
1,1644 E Evans Ave,Denver,CO,80210,(303) 722-4121,co/denver/1644-e-evans-ave,39.67828797290773,-104.96780777696745,Colorado
911,2500 E Colfax Ave,Denver,CO,80206,(303) 388-5300,co/denver/2500-e-colfax-ave,39.739954962720255,-104.95722691840268,Colorado
161,2760 S Colorado Blvd,Denver,CO,80222,(303) 758-0824,co/denver/2760-s-colorado-blvd,39.66641697071331,-104.93988694049278,Colorado
10,3600 W 32nd Ave,Denver,CO,80211,(303) 964-3323,co/denver/3600-w-32nd-ave,39.76198306036484,-105.03484099047398,Colorado
4,371 E Alameda Ave,Denver,CO,80209,(303) 733-1331,co/denver/371-e-alameda-ave,39.71150569725132,-104.98309278771421,Colorado
3192,4490 Peoria St,Denver,CO,80239,(303) 307-1096,co/denver/4490-peoria-st,39.77767107318909,-104.84639511863828,Colorado
54,550 N Broadway,Denver,CO,80203,(303) 866-0725,co/denver/550-n-broadway,39.7254866850594,-104.98701717881352,Colorado
7,7350 E Hampden Ave,Denver,CO,80231,(303) 741-8980,co/denver/7350-e-hampden-ave,39.652405,-104.9032,Colorado
255,7400 E 29th Ave,Denver,CO,80238,(303) 316-0469,co/denver/7400-e-29th-ave,39.75785136019702,-104.9015615788361,Colorado
2,745 Colorado Blvd,Denver,CO,80206,(303) 333-2121,co/denver/745-colorado-blvd,39.728314327154855,-104.94099338871558,Colorado
1430,8100 W Crestline Ave,Denver,CO,80123,(303) 501-1101,co/denver/8100-w-crestline-ave,39.61705408300559,-105.08843587055225,Colorado
32,820 S Monaco Pkwy,Denver,CO,80224,(303) 316-9466,co/denver/820-s-monaco-pkwy,39.70179929627504,-104.9124563696248,Colorado
1095,2120 E Harmony Rd,Fort Collins,CO,80528,(970) 530-3200,co/fort-collins/2120-e-harmony-rd,40.523776961622914,-105.03682653305447,Colorado
250,649 S College Ave,Fort Collins,CO,80525,(970) 407-1446,co/fort-collins/649-s-college-ave,40.578301318114626,-105.07743296562819,Colorado
1528,6570 S Yosemite St,Greenwood Village,CO,80111,(303) 488-2002,co/greenwood-village/6570-s-yosemite-st,39.596838857288965,-104.8880827712095,Colorado
599,8000 E Belleview Ave,Greenwood Village,CO,80111,(303) 694-3094,co/greenwood-village/8000-e-belleview-ave,39.62380733189591,-104.89612552316734,Colorado
755,2209 W Wildcat Reserve Pkwy,Highlands Ranch,CO,80129,(303) 470-6300,co/highlands-ranch/2209-w-wildcat-reserve-pkwy,39.53738519289787,-105.0139625172859,Colorado
3376,9579 S University Blvd,Highlands Ranch,CO,80126,(720) 961-7866,co/highlands-ranch/9579-s-university-blvd,39.54162550907136,-104.94083181759328,Colorado
503,14255 W Colfax Ave,Lakewood,CO,80401,(303) 278-0991,co/lakewood/14255-w-colfax-ave,39.73410047023791,-105.15997528857099,Colorado
896,145 Union Blvd,Lakewood,CO,80228,(303) 989-5161,co/lakewood/145-union-blvd,39.71746050491897,-105.1336252505962,Colorado
644,3170 S Wadsworth Blvd,Lakewood,CO,80227,(303) 986-4424,co/lakewood/3170-s-wadsworth-blvd,39.660728354367535,-105.080897562583,Colorado
68,355 S Wadsworth Blvd,Lakewood,CO,80226,(720) 963-0999,co/lakewood/355-s-wadsworth-blvd,39.7102963661781,-105.08214599999997,Colorado
766,7355 W Colfax Ave,Lakewood,CO,80214,(303) 274-1131,co/lakewood/7355-w-colfax-ave,39.740561096559325,-105.07830536467429,Colorado
71,12512 W Ken Caryl Ave,Littleton,CO,80127,(720) 981-7023,co/littleton/12512-w-ken-caryl-ave,39.58031768885037,-105.13499231987998,Colorado
970,5699 S Broadway,Littleton,CO,80121,(303) 794-3437,co/littleton/5699-s-broadway,39.61343789917304,-104.9883932901783,Colorado
189,7515 S University Blvd,Littleton,CO,80122,(303) 797-7001,co/littleton/7515-s-university-blvd,39.580206500000024,-104.96132583374691,Colorado
2666,8501 W Bowles Ave,Littleton,CO,80123,(303) 973-3401,co/littleton/8501-w-bowles-ave,39.61175897727098,-105.0967189557814,Colorado
2555,8515 Park Meadows Center Dr,Lone Tree,CO,80124,(303) 790-6029,co/lone-tree/8515-park-meadows-center-dr,39.56278728224383,-104.87575617480256,Colorado
143,9500 Heritage Hills Cir,Lone Tree,CO,80124,(303) 792-0611,co/lone-tree/9500-heritage-hills-cir,39.53712395324733,-104.87947276119417,Colorado
13,1100 Ken Pratt Blvd,Longmont,CO,80501,(303) 651-6763,co/longmont/1100-ken-pratt-blvd,40.152831349490235,-105.11109899938833,Colorado
650,1708 Main Street,Longmont,CO,80501,(303) 485-6369,co/longmont/1708-main-street,40.189207,-105.101803,Colorado
822,1421 W Eisenhower Blvd,Loveland,CO,80537,(970) 635-0099,co/loveland/1421-w-eisenhower-blvd,40.407525881391514,-105.09786383988114,Colorado
780,1569 Fall River Dr,Loveland,CO,80538,(970) 461-8900,co/loveland/1569-fall-river-dr,40.40855831435636,-105.00775054198982,Colorado
3592,18400 Cottonwood Dr,Parker,CO,80138,(720) 398-6372,co/parker/18400-cottonwood-dr,39.557209943267296,-104.77792741676375,Colorado
59,18701 E Mainstreet,Parker,CO,80134,(720) 851-5050,co/parker/18701-e-mainstreet,39.51869503455084,-104.77040223558197,Colorado
712,815 Thornton Pkwy,Thornton,CO,80229,(303) 452-2722,co/thornton/815-thornton-pkwy,39.871176873235825,-104.97624578605593,Colorado
264,951 E 120th Ave,Thornton,CO,80233,(720) 929-0499,co/thornton/951-e-120th-ave,39.91436710001901,-104.97505228674999,Colorado
3245,14452 Orchard Pkwy,Westminster,CO,80023,(303) 451-9591,co/westminster/14452-orchard-pkwy,39.958954184802,-104.99278568917153,Colorado
581,5160 W 120th Ave.,Westminster,CO,80020,(720) 887-3646,co/westminster/5160-w-120th-ave,39.912141,-105.051381,Colorado
3257,7303 Federal Blvd,Westminster,CO,80030,(303) 872-5023,co/westminster/7303-federal-blvd,39.82858463959826,-105.02545559751232,Colorado
2730,115 Mill Plain Rd,Danbury,CT,06811,(203) 730-2220,ct/danbury/115-mill-plain-rd,41.392482182817886,-73.52250704264242,Connecticut
1933,7 Backus Ave,Danbury,CT,06810,(203) 730-2989,ct/danbury/7-backus-ave,41.380326,-73.47943,Connecticut
3582,81 Newtown Rd,Danbury,CT,06810,(475) 529-2112,ct/danbury/81-newtown-rd,41.409697,-73.41132,Connecticut
1424,71 Post Rd,Darien,CT,06820,(203) 662-9228,ct/darien/71-post-rd,41.09095263406827,-73.45564055398461,Connecticut
2444,I-95 Darien Nb Service Plaza,Darien,CT,06820,(203) 309-5714,ct/darien/i-95-darien-nb-service-plaza,41.0806742,-73.4614135,Connecticut
1763,1457 New Britain Ave,West Hartford,CT,06110,(860) 521-0479,ct/west-hartford/1457-new-britain-ave,41.72472959416484,-72.75709768217337,Connecticut
1421,966 Farmington Ave,West Hartford,CT,06107,(860) 586-8281,ct/west-hartford/966-farmington-ave,41.76188938686709,-72.74307215985726,Connecticut
2497,132 Christiana Mall,Newark,DE,19702,(302) 731-3037,de/newark/132-christiana-mall,39.677884,-75.652284,Delaware
1540,136 E Main St,Newark,DE,19711,(302) 861-8002,de/newark/136-e-main-st,39.68377823512398,-75.74772734634695,Delaware
3234,60 Geoffrey Dr,Newark,DE,19713,(302) 366-1296,de/newark/60-geoffrey-dr,39.68769436463868,-75.65275170915139,Delaware
3425,2209 Concord Pike,Wilmington,DE,19803,(302) 304-8343,de/wilmington/2209-concord-pike,39.7909214,-75.5458742,Delaware
2699,3700 Kirkwood Hwy,Wilmington,DE,19808,(302) 994-1069,de/wilmington/3700-kirkwood-hwy,39.73293717615314,-75.63955922368905,Delaware
,1215 W Orange Blossom Trl,Apopka,FL,32712,(689) 336-0006,fl/apopka/1215-w-orange-blossom-trl,28.68558985179515,-81.5325605926077,Florida
1883,2201 E Semoran Blvd,Apopka,FL,32703,(407) 814-1207,fl/apopka/2201-e-semoran-blvd,28.673551495033866,-81.46992335735763,Florida
1787,1666 N Federal Hwy,Boca Raton,FL,33432,(561) 206-0830,fl/boca-raton/1666-n-federal-hwy,26.365541610858394,-80.07898699171113,Florida
721,2301 Glades Rd,Boca Raton,FL,33431,(561) 443-5540,fl/boca-raton/2301-glades-rd,26.368827400578603,-80.1280500709588,Florida
2861,5560 N Military Trl,Boca Raton,FL,33496,(561) 995-0924,fl/boca-raton/5560-n-military-trl,26.40076753815862,-80.12042140434681,Florida
1689,7028 W Palmetto Park Rd,Boca Raton,FL,33433,(561) 206-0144,fl/boca-raton/7028-w-palmetto-park-rd,26.349511355304283,-80.15744495676324,Florida
1379,9930 Glades Rd,Boca Raton,FL,33434,(561) 477-8340,fl/boca-raton/9930-glades-rd,26.365986740276462,-80.20235730857033,Florida
3497,1620 S Federal Hwy,Boynton Beach,FL,33435,(561) 200-1013,fl/boynton-beach/1620-s-federal-hwy,26.513674959588972,-80.05878217288577,Florida
802,1780 N Congress Ave,Boynton Beach,FL,33426,(561) 732-2282,fl/boynton-beach/1780-n-congress-ave,26.54267599540657,-80.09020997864808,Florida
3059,8790 Boynton Beach Blvd,Boynton Beach,FL,33472,(561) 739-9871,fl/boynton-beach/8790-boynton-beach-blvd,26.5272244006721,-80.18612640244675,Florida
2198,103 Brandon Town Center Dr,Brandon,FL,33511,(813) 330-3001,fl/brandon/103-brandon-town-center-dr,27.938747769594823,-82.32362885613423,Florida
4133,11137 Causeway Blvd,Brandon,FL,33511,(656) 347-2440,fl/brandon/11137-causeway-blvd,27.922678,-82.32433809999999,Florida
2058,459 Brandon Town Center Mall,Brandon,FL,33511,(813) 689-6816,fl/brandon/459-brandon-town-center-mall,27.938755258308017,-82.32362453599272,Florida
1626,829 E Bloomingdale Ave,Brandon,FL,33511,(813) 423-6384,fl/brandon/829-e-bloomingdale-ave,27.89315296173319,-82.27232598834325,Florida
3060,2060 NE Pine Island Rd,Cape Coral,FL,33909,(239) 424-6451,fl/cape-coral/2060-ne-pine-island-rd,26.672886267256903,-81.92853450273395,Florida
2910,2207 Del Prado Blvd S,Cape Coral,FL,33990,(239) 458-3944,fl/cape-coral/2207-del-prado-blvd-s,26.610982702781204,-81.94054500320021,Florida
1328,2537 Countryside Blvd,Clearwater,FL,33761,(727) 230-0780,fl/clearwater/2537-countryside-blvd,28.014677340939595,-82.73444402941567,Florida
762,2662 Gulf To Bay Blvd,Clearwater,FL,33759,(727) 724-1768,fl/clearwater/2662-gulf-to-bay-blvd,27.961145358138484,-82.72752726149133,Florida
2801,5360 East Bay Drive,Clearwater,FL,33764,(727) 507-0041,fl/clearwater/5360-east-bay-drive,27.916835974551216,-82.73144484171621,Florida
1143,1495 E Hwy 50,Clermont,FL,34711,(352) 394-0175,fl/clermont/1495-e-hwy-50,28.545698702412185,-81.73009849431196,Florida
3604,610 Cagan View Rd,Clermont,FL,34714,(352) 227-1245,fl/clermont/610-cagan-view-rd,28.353095,-81.67527167,Florida
678,1775 N University Dr,Coral Springs,FL,33071,(954) 341-0821,fl/coral-springs/1775-n-university-dr,26.252865595198625,-80.25231916791012,Florida
1410,4220 N State Road 7,Coral Springs,FL,33073,(954) 960-4000,fl/coral-springs/4220-n-state-road-7,26.28354967969935,-80.20268216026798,Florida
2996,4600 N University Dr,Coral Springs,FL,33067,(954) 575-4174,fl/coral-springs/4600-n-university-dr,26.287371601249518,-80.25113432945467,Florida
3466,1091 Posner Blvd,Davenport,FL,33837,(863) 588-0448,fl/davenport/1091-posner-blvd,28.2266204,-81.6435554,Florida
,2116 Triglia Way,Davenport,FL,33896,(863) 758-4041,fl/davenport/2116-triglia-way,28.258987465107488,-81.59820141425219,Florida
1701,2110 S University Dr,Davie,FL,33324,(954) 400-7464,fl/davie/2110-s-university-dr,26.09429379209461,-80.2503511410495,Florida
2671,5796 South University Dr,Davie,FL,33328,(954) 689-0559,fl/davie/5796-south-university-dr,26.047042315061336,-80.2510542978095,Florida
3241,1425 Cornerstone Blvd,Daytona Beach,FL,32117,(386) 274-4726,fl/daytona-beach/1425-cornerstone-blvd,29.218879255286186,-81.09709381165675,Florida
783,2400 W International Speedway Blvd,Daytona Beach,FL,32114,(386) 252-6011,fl/daytona-beach/2400-w-international-speedway-blvd,29.182064012738767,-81.0814084478095,Florida
,3311 W Hillsboro Blvd,Deerfield Beach,FL,33442,(754) 305-0881,fl/deerfield-beach/3311-w-hillsboro-blvd,26.318445294570278,-80.14832948344407,Florida
2266,777 S Federal Hwy,Deerfield Beach,FL,33441,(954) 281-5643,fl/deerfield-beach/777-s-federal-hwy,26.30708740220849,-80.09320808252357,Florida
2992,4789 W Atlantic Ave,Delray Beach,FL,33445,(561) 666-1003,fl/delray-beach/4789-w-atlantic-ave,26.4582441,-80.1201125,Florida
1217,520 Linton Blvd,Delray Beach,FL,33444,(561) 276-2093,fl/delray-beach/520-linton-blvd,26.43919398983961,-80.07845578886025,Florida
2489,2000 NW 87th Ave,Doral,FL,33172,(786) 464-1551,fl/doral/2000-nw-87th-ave,25.7934463,-80.3375674,Florida
3749,5875 NW 105th Ct,Doral,FL,33178,(786) 361-1243,fl/doral/5875-nw-105th-ct,25.82647602189912,-80.36821689508913,Florida
1912,1515 SE 17th St,Fort Lauderdale,FL,33316,(954) 400-7493,fl/fort-lauderdale/1515-se-17th-st,26.10086495855604,-80.12665735988514,Florida
1502,1736 N Federal Hwy,Fort Lauderdale,FL,33305,(954) 400-5028,fl/fort-lauderdale/1736-n-federal-hwy,26.150564531527802,-80.11888650267343,Florida
3158,2610 W Broward Blvd,Fort Lauderdale,FL,33312,(954) 583-8336,fl/fort-lauderdale/2610-w-broward-blvd,26.121287762235482,-80.17647565884374,Florida
1860,4850 N Federal Hwy,Fort Lauderdale,FL,33308,(954) 400-7485,fl/fort-lauderdale/4850-n-federal-hwy,26.18776079655633,-80.11555793005942,Florida
2219,10010 University Plaza Drive,Fort Myers,FL,33913,(239) 437-5719,fl/fort-myers/10010-university-plaza-drive,26.491833852496008,-81.78677409014574,Florida
2285,12635 S Cleveland Ave,Fort Myers,FL,33907,(239) 204-5244,fl/fort-myers/12635-s-cleveland-ave,26.55869732673191,-81.8711361070105,Florida
2698,8061 Dani Dr,Fort Myers,FL,33966,(239) 275-4076,fl/fort-myers/8061-dani-dr,26.608337734485225,-81.81053723002685,Florida
486,1432 W University Ave,Gainesville,FL,32603,(352) 372-5330,fl/gainesville/1432-w-university-ave,29.652292261963808,-82.34149667607767,Florida
2735,2225 NW 13th St,Gainesville,FL,32609,(352) 378-7751,fl/gainesville/2225-nw-13th-st,29.67364120397084,-82.33867029289968,Florida
793,3841 SW Archer Rd,Gainesville,FL,32608,(352) 371-9396,fl/gainesville/3841-sw-archer-rd,29.619406292195045,-82.38130672684525,Florida
1404,18461 NW 67th Ave,Hialeah,FL,33015,(305) 558-4282,fl/hialeah/18461-nw-67th-ave,25.941268349053956,-80.30643628822202,Florida
1290,405 W 49th St,Hialeah,FL,33012,(305) 512-4114,fl/hialeah/405-w-49th-st,25.867040082258224,-80.29198155088527,Florida
3033,7925 Hialeah Gardens Blvd,Hialeah,FL,33018,(305) 982-8050,fl/hialeah/7925-hialeah-gardens-blvd,25.89481690606795,-80.35074015027618,Florida
1181,11113 San Jose Blvd,Jacksonville,FL,32223,(904) 268-2342,fl/jacksonville/11113-san-jose-blvd,30.173556268870147,-81.62783786026853,Florida
,11919 Atlantic Blvd,Jacksonville,FL,32225,(904) 893-4518,fl/jacksonville/11919-atlantic-blvd,30.3216706,-81.4954745,Florida
2547,13546 Beach Blvd,Jacksonville,FL,32224,(904) 992-4255,fl/jacksonville/13546-beach-blvd,30.28711282555381,-81.46036844536275,Florida
2644,13920 Old Saint Augustine Rd,Jacksonville,FL,32258,(904) 886-9554,fl/jacksonville/13920-old-saint-augustine-rd,30.14131050942163,-81.54639779028463,Florida
,3860 University Blvd W,Jacksonville,FL,32217,(904) 638-4475,fl/jacksonville/3860-university-blvd-w,30.262910492009855,-81.62294869386577,Florida
3654,4495 Roosevelt Blvd,Jacksonville,FL,32210,(904) 650-2191,fl/jacksonville/4495-roosevelt-blvd,30.280609135302186,-81.71787517348018,Florida
1177,4865 Town Center Pkwy,Jacksonville,FL,32246,(904) 997-0481,fl/jacksonville/4865-town-center-pkwy,30.254542390056276,-81.5327619073576,Florida
3320,50 Riverside Ave,Jacksonville,FL,32202,(904) 549-6143,fl/jacksonville/50-riverside-ave,30.323941585931433,-81.67060457614869,Florida
,5801 Beach Blvd,Jacksonville,FL,32207,(904) 750-6166,fl/jacksonville/5801-beach-blvd,30.293667736179632,-81.6040481760748,Florida
1992,790 Skymarks Dr,Jacksonville,FL,32218,(904) 757-3900,fl/jacksonville/790-skymarks-dr,30.481429584970787,-81.63747585920999,Florida
995,8635 Blanding Blvd,Jacksonville,FL,32244,(904) 772-1322,fl/jacksonville/8635-blanding-blvd,30.19383572515759,-81.73844718811141,Florida
,9172 Baymeadows Rd,Jacksonville,FL,32256,(904) 750-3506,fl/jacksonville/9172-baymeadows-rd,30.220471,-81.567803,Florida
3152,9395 Atlantic Blvd,Jacksonville,FL,32225,(904) 721-5658,fl/jacksonville/9395-atlantic-blvd,30.319365276105458,-81.55489914239513,Florida
3393,9671 Argyle Forest Blvd,Jacksonville,FL,32222,(904) 337-3232,fl/jacksonville/9671-argyle-forest-blvd,30.1963032,-81.8299588,Florida
727,3254 N John Young Pkwy,Kissimmee,FL,34741,(407) 846-3364,fl/kissimmee/3254-n-john-young-pkwy,28.345580340826608,-81.42075173497028,Florida
3203,3275 Vineland Rd,Kissimmee,FL,34746,(407) 465-0749,fl/kissimmee/3275-vineland-rd,28.346394012130798,-81.48621927020517,Florida
,4390 W Vine St.,Kissimmee,FL,34746,(689) 215-5494,fl/kissimmee/4390-w-vine-st,28.3028332,-81.4569878,Florida
,4450 Pleasant Hill Rd,Kissimmee,FL,34746,(407) 818-1147,fl/kissimmee/4450-pleasant-hill-rd,28.15690633237268,-81.44062779068582,Florida
2546,6210 W Irlo Bronson Memorial Hwy,Kissimmee,FL,34747,(321) 939-2059,fl/kissimmee/6210-w-irlo-bronson-memorial-hwy,28.3321649,-81.5327309,Florida
3471,8124 W Irlo Bronson Hwy,Kissimmee,FL,34747,(407) 329-4336,fl/kissimmee/8124-w-irlo-bronson-hwy,28.3464523,-81.61128479999999,Florida
,4400 Hypoluxo Rd,Lake Worth,FL,33462,(561) 621-1733,fl/lake-worth/4400-hypoluxo-rd,26.571463,-80.112041,Florida
1914,6177 S Jog Rd,Lake Worth,FL,33467,(561) 246-3080,fl/lake-worth/6177-s-jog-rd,26.58757239392207,-80.14721898800096,Florida
,8746 Lake Worth Rd,Lake Worth,FL,33467,(561) 249-8103,fl/lake-worth/8746-lake-worth-rd,26.616484908120103,-80.18448790794852,Florida
1499,3434 S Florida Ave,Lakeland,FL,33803,(863) 248-4371,fl/lakeland/3434-s-florida-ave,28.001671375003713,-81.95652422280466,Florida
2448,4204 US Hwy 98 N,Lakeland,FL,33809,(863) 858-6231,fl/lakeland/4204-us-hwy-98-n,28.0958373,-81.9746955,Florida
1839,1563 W New Haven Ave,Melbourne,FL,32904,(321) 729-6211,fl/melbourne/1563-w-new-haven-ave,28.078395002133185,-80.64752089079002,Florida
2052,2322 Harnett Dr,Melbourne,FL,32940,(321) 639-1830,fl/melbourne/2322-harnett-dr,28.23914143969696,-80.72848018019351,Florida
,4999 N Wickham Rd,Melbourne,FL,32940,(321) 241-0398,fl/melbourne/4999-n-wickham-rd,28.18990817924318,-80.67131369386576,Florida
2306,10141 W Flagler St,Miami,FL,33174,(305) 554-8674,fl/miami/10141-w-flagler-st,25.7692416,-80.3598109,Florida
3232,10600 N Kendall Dr,Miami,FL,33176,(786) 361-1296,fl/miami/10600-n-kendall-dr,25.685885962852748,-80.36439778566466,Florida
3087,110 NW 42nd Ave,Miami,FL,33126,(786) 361-1258,fl/miami/110-nw-42nd-ave,25.772722828477573,-80.26397222787813,Florida
914,13612 SW 88th St,Miami,FL,33186,(305) 408-6557,fl/miami/13612-sw-88th-st,25.68454606063215,-80.41519647462161,Florida
3631,14401 SW 42nd St,Miami,FL,33175,(786) 361-1260,fl/miami/14401-sw-42nd-st,25.72909684050795,-80.42799722019681,Florida
3169,15221 SW 127th Ave,Miami,FL,33177,(786) 250-0004,fl/miami/15221-sw-127th-ave,25.626513880287373,-80.39458256166245,Florida
3383,1700 NW 117th Pl,Miami,FL,33182,(786) 361-1284,fl/miami/1700-nw-117th-pl,25.7897971,-80.3870259,Florida
3269,19565 Biscayne Blvd,Miami,FL,33180,(305) 931-8583,fl/miami/19565-biscayne-blvd,25.9572124333516,-80.14331039800255,Florida
2707,2200 SW 87th Ave,Miami,FL,33165,(305) 221-5563,fl/miami/2200-sw-87th-ave,25.749186841696304,-80.33610395455389,Florida
1918,2235 SW 37th Ave,Miami,FL,33145,(786) 441-2385,fl/miami/2235-sw-37th-ave,25.74931218650068,-80.25426375305847,Florida
,3201 N Miami Ave,Miami,FL,33127,(786) 361-1265,fl/miami/3201-n-miami-ave,25.80792766479572,-80.1949852194767,Florida
3462,5600 Waterford District Dr,Miami,FL,33126,(786) 361-1024,fl/miami/5600-waterford-district-dr,25.78133636523049,-80.28795692372597,Florida
3034,7230 NW 36th St,Miami,FL,33166,(305) 591-2742,fl/miami/7230-nw-36th-st,25.80882356127241,-80.31533221824446,Florida
3510,891 South Miami Avenue,Miami,FL,33130,(786) 361-1540,fl/miami/891-south-miami-avenue,25.76532373454779,-80.19307918497597,Florida
,12581 Miramar Pkwy,Miramar,FL,33027,(754) 764-6496,fl/miramar/12581-miramar-pkwy,25.9790774,-80.3136846,Florida
2417,3231 SW 160th Ave,Miramar,FL,33027,(954) 437-2591,fl/miramar/3231-sw-160th-ave,25.98021333798026,-80.35695227086677,Florida
2722,2085 Tamiami Trl N,Naples,FL,34102,(239) 732-0033,fl/naples/2085-tamiami-trl-n,26.172190655212642,-81.8008488074099,Florida
2860,6821 Collier Blvd,Naples,FL,34114,(239) 530-3199,fl/naples/6821-collier-blvd,26.065699206437515,-81.69863948548627,Florida
1577,9100 Strada Pl,Naples,FL,34108,(239) 254-1292,fl/naples/9100-strada-pl,26.2540150779146,-81.80010959109882,Florida
1971,2645 SW College Rd,Ocala,FL,34471,(352) 237-3553,fl/ocala/2645-sw-college-rd,29.16710004882106,-82.16838951135895,Florida
4313,4916 E Silver Springs Blvd,Ocala,FL,34470,(352) 619-2668,fl/ocala/4916-e-silver-springs-blvd,29.209181337764026,-82.06718569503086,Florida
,1607 County Road 220,Orange Park,FL,32003,(904) 637-4968,fl/orange-park/1607-county-road-220,30.10167581328345,-81.71549077000228,Florida
,876 Blanding Blvd,Orange Park,FL,32065,(904) 579-7081,fl/orange-park/876-blanding-blvd,30.1425097,-81.76660439999999,Florida
,11291 E Colonial Dr,Orlando,FL,32817,(407) 434-0760,fl/orlando/11291-e-colonial-dr,28.568491,-81.216386,Florida
3286,11513 Regency Village Dr,Orlando,FL,32821,(321) 677-0187,fl/orlando/11513-regency-village-dr,28.3933146,-81.4864466,Florida
457,11680 University Blvd,Orlando,FL,32817,(321) 235-3323,fl/orlando/11680-university-blvd,28.59717445040509,-81.21645094811504,Florida
2870,12278 Narcoossee Rd,Orlando,FL,32832,(407) 313-2375,fl/orlando/12278-narcoossee-rd,28.38689282654763,-81.24501851719663,Florida
2353,12648 S Orange Blossom Trl,Orlando,FL,32837,(407) 251-9858,fl/orlando/12648-s-orange-blossom-trl,28.38128403447653,-81.40509368191186,Florida
,13935 Landstar Blvd,Orlando,FL,32824,(689) 500-4165,fl/orlando/13935-landstar-blvd,28.3640942,-81.3652098,Florida
675,1700 Sand Lake Rd,Orlando,FL,32809,(407) 857-6775,fl/orlando/1700-sand-lake-rd,28.449446526251123,-81.401904434197,Florida
647,2211 S Orange Ave,Orlando,FL,32806,(407) 841-5656,fl/orlando/2211-s-orange-ave,28.51678229370115,-81.37613156258294,Florida
3157,2610 S Semoran Blvd,Orlando,FL,32822,(407) 207-4694,fl/orlando/2610-s-semoran-blvd,28.514208097751705,-81.31064161049198,Florida
570,2850 S Kirkman Rd,Orlando,FL,32811,(407) 532-8808,fl/orlando/2850-s-kirkman-rd,28.51208482493836,-81.4597723001491,Florida
442,2903 E Colonial Dr,Orlando,FL,32803,(407) 228-9514,fl/orlando/2903-e-colonial-dr,28.553566990264947,-81.34702351810552,Florida
1870,4200 Conroy Rd,Orlando,FL,32839,(321) 400-6563,fl/orlando/4200-conroy-rd,28.485121590250447,-81.43154115211485,Florida
821,464 N Alafaya Trl,Orlando,FL,32828,(407) 208-0778,fl/orlando/464-n-alafaya-trl,28.553518098388547,-81.2065740899765,Florida
2897,4724 Millenia Plaza Way,Orlando,FL,32839,(407) 345-9145,fl/orlando/4724-millenia-plaza-way,28.4929464,-81.428552,Florida
844,6607 S Semoran Blvd,Orlando,FL,32822,(407) 855-9719,fl/orlando/6607-s-semoran-blvd,28.46763233493153,-81.3085262453863,Florida
,7091 Narcoossee Rd,Orlando,FL,32822,(407) 664-1131,fl/orlando/7091-narcoossee-rd,28.4602429,-81.27154,Florida
1289,7800 Dr Phillips Blvd,Orlando,FL,32819,(407) 352-0198,fl/orlando/7800-dr-phillips-blvd,28.450598116327527,-81.48896473246526,Florida
2745,9202 Jeff Fuqua Blvd,Orlando,FL,32827,(407) 856-0651,fl/orlando/9202-jeff-fuqua-blvd,28.435468,-81.301371,Florida
3685,11608 US Highway 1,Palm Beach Gardens,FL,33408,(561) 249-8093,fl/palm-beach-gardens/11608-us-highway-1,26.84643482063769,-80.0600246326553,Florida
1871,3101 Pga Blvd,Palm Beach Gardens,FL,33410,(561) 293-7401,fl/palm-beach-gardens/3101-pga-blvd,26.849052997933818,-80.08514718399839,Florida
,3539 Northlake Blvd,Palm Beach Gardens,FL,33403,(561) 249-8102,fl/palm-beach-gardens/3539-northlake-blvd,26.809085096928786,-80.09046670280937,Florida
1565,4655 Pga Blvd,Palm Beach Gardens,FL,33418,(561) 246-3874,fl/palm-beach-gardens/4655-pga-blvd,26.8387669503795,-80.10890162055227,Florida
3189,5240 Donald Ross Rd,Palm Beach Gardens,FL,33418,(561) 249-8100,fl/palm-beach-gardens/5240-donald-ross-rd,26.882546815918126,-80.11550597019061,Florida
1032,11041 Pines Blvd,Pembroke Pines,FL,33026,(954) 437-7824,fl/pembroke-pines/11041-pines-blvd,26.00845191536144,-80.29500487577764,Florida
985,15880 Pines Blvd,Pembroke Pines,FL,33027,(954) 433-9918,fl/pembroke-pines/15880-pines-blvd,26.00678298241768,-80.35630208374687,Florida
3610,1674 E Nine Mile Rd,Pensacola,FL,32514,(850) 417-8892,fl/pensacola/1674-e-nine-mile-rd,30.5331001074582,-87.22756728895493,Florida
3668,5100 N 9th Ave,Pensacola,FL,32504,(850) 760-0558,fl/pensacola/5100-n-9th-ave,30.47532506503362,-87.2075014343586,Florida
924,129 NW 136th Ave,Plantation,FL,33325,(954) 858-1961,fl/plantation/129-nw-136th-ave,26.12151288234434,-80.33068840393469,Florida
2916,1760 N University Dr,Plantation,FL,33322,(954) 475-9716,fl/plantation/1760-n-university-dr,26.147295725467927,-80.25632761030568,Florida
1041,1418 66th St N,Saint Petersburg,FL,33710,(727) 344-3946,fl/saint-petersburg/1418-66th-st-n,27.78555672481624,-82.72892201989964,Florida
2734,3540 4th St N,Saint Petersburg,FL,33704,(727) 525-6247,fl/saint-petersburg/3540-4th-st-n,27.804670053176856,-82.63883005352375,Florida
731,780 4th St N,Saint Petersburg,FL,33701,(727) 895-6050,fl/saint-petersburg/780-4th-st-n,27.780081704177878,-82.63874342607483,Florida
2276,1805 Wp Ball Blvd,Sanford,FL,32771,(321) 275-4164,fl/sanford/1805-wp-ball-blvd,28.800081390859006,-81.33360532729819,Florida
4152,3715 S Orlando Dr,Sanford,FL,32773,(689) 300-5977,fl/sanford/3715-s-orlando-dr,28.76127056463143,-81.28432676747644,Florida
1040,1707 S Tamiami Trl,Sarasota,FL,34239,(941) 957-6406,fl/sarasota/1707-s-tamiami-trl,27.318112561862968,-82.52936948450287,Florida
2946,5354 Fruitville Rd,Sarasota,FL,34232,(941) 341-9728,fl/sarasota/5354-fruitville-rd,27.337183652426887,-82.46329472015832,Florida
1375,97 N Cattlemen Rd,Sarasota,FL,34243,(941) 359-6757,fl/sarasota/97-n-cattlemen-rd,27.387687815869644,-82.45813989871294,Florida
1564,2181 SE Federal Hwy,Stuart,FL,34994,(772) 220-0116,fl/stuart/2181-se-federal-hwy,27.177970512677273,-80.23606648050571,Florida
2352,2421 NW Federal Hwy,Stuart,FL,34994,(772) 692-0889,fl/stuart/2421-nw-federal-hwy,27.234784718273794,-80.26763416845245,Florida
1535,1498 Apalachee Pkwy,Tallahassee,FL,32301,(850) 254-9992,fl/tallahassee/1498-apalachee-pkwy,30.436125137414347,-84.25839439999999,Florida
1534,1801 W Tennessee St,Tallahassee,FL,32304,(850) 254-9986,fl/tallahassee/1801-w-tennessee-st,30.448789683802726,-84.31106364035315,Florida
2056,3425 Thomasville Rd,Tallahassee,FL,32308,(850) 894-3137,fl/tallahassee/3425-thomasville-rd,30.50443578421638,-84.24967576502968,Florida
3511,699 W Gaines St,Tallahassee,FL,32304,(850) 270-5161,fl/tallahassee/699-w-gaines-st,30.435230808238924,-84.29270531277308,Florida
813,12827 N Dale Mabry Hwy,Tampa,FL,33618,(813) 961-1444,fl/tampa/12827-n-dale-mabry-hwy,28.063586551480032,-82.50338113492035,Florida
2465,18019 Highwoods Preserve Pkwy,Tampa,FL,33647,(813) 977-1520,fl/tampa/18019-highwoods-preserve-pkwy,28.131285257510452,-82.36579343374694,Florida
2548,2011 N Dale Mabry Hwy,Tampa,FL,33607,(813) 877-4169,fl/tampa/2011-n-dale-mabry-hwy,27.960170100690004,-82.50500973341502,Florida
2170,2223 N West Shore Blvd,Tampa,FL,33607,(813) 422-5134,fl/tampa/2223-n-west-shore-blvd,27.96470755379821,-82.52085684014975,Florida
828,2576 E Fowler Ave,Tampa,FL,33612,(813) 971-4360,fl/tampa/2576-e-fowler-ave,28.05487327921455,-82.42981195716999,Florida
611,309 N West Shore Blvd,Tampa,FL,33609,(813) 289-9820,fl/tampa/309-n-west-shore-blvd,27.947462285445706,-82.52393460934178,Florida
2391,3696 W Gandy Blvd,Tampa,FL,33611,(813) 839-7030,fl/tampa/3696-w-gandy-blvd,27.89343930614048,-82.50586515828377,Florida
823,533 S Howard Ave,Tampa,FL,33606,(813) 254-6450,fl/tampa/533-s-howard-ave,27.939684494344494,-82.48338686437711,Florida
1494,7002 Gunn Hwy,Tampa,FL,33625,(813) 925-4408,fl/tampa/7002-gunn-hwy,28.06646553487602,-82.57050848675283,Florida
4089,8301 N Dale Mabry Hwy,Tampa,FL,33614,(813) 734-8066,fl/tampa/8301-n-dale-mabry-hwy,28.02390935232622,-82.50451272086761,Florida
3102,9466 W Linebaugh Ave,Tampa,FL,33626,(813) 920-0992,fl/tampa/9466-w-linebaugh-ave,28.043494251607253,-82.59037657410455,Florida
881,2380 Palm Beach Lakes Blvd,West Palm Beach,FL,33409,(561) 688-8951,fl/west-palm-beach/2380-palm-beach-lakes-blvd,26.708201,-80.098556,Florida
3523,7000 Okeechobee Blvd,West Palm Beach,FL,33411,(561) 249-8101,fl/west-palm-beach/7000-okeechobee-blvd,26.706639573007624,-80.15903045767212,Florida
3342,13599 W Colonial Dr,Winter Garden,FL,34787,(407) 395-3658,fl/winter-garden/13599-w-colonial-dr,28.55160152918486,-81.5853494019243,Florida
1136,3317 Daniels Rd,Winter Garden,FL,34787,(407) 654-4415,fl/winter-garden/3317-daniels-rd,28.520862925627803,-81.58684953378031,Florida
4106,1177 E State Road 434,Winter Springs,FL,32708,(689) 689-3021,fl/winter-springs/1177-e-state-road-434,28.697367670836048,-81.26376727972134,Florida
1259,5637 Red Bug Lake Rd,Winter Springs,FL,32708,(407) 695-0440,fl/winter-springs/5637-red-bug-lake-rd,28.6469345,-81.2700902,Florida
1906,10910 Haynes Bridge Rd,Alpharetta,GA,30022,(678) 893-0236,ga/alpharetta/10910-haynes-bridge-rd,34.05176246676509,-84.28630241563991,Georgia
,3900 Brookside Pkwy,Alpharetta,GA,30022,(470) 235-7321,ga/alpharetta/3900-brookside-pkwy,34.061468,-84.246382,Georgia
428,5250 Windward Pkwy,Alpharetta,GA,30004,(678) 867-9459,ga/alpharetta/5250-windward-pkwy,34.09082267722346,-84.27493030209013,Georgia
3284,1080 Peachtree St NE,Atlanta,GA,30309,(404) 665-0120,ga/atlanta/1080-peachtree-st-ne,33.783904317392796,-84.38381426251063,Georgia
1937,11700 Spine Rd.,Atlanta,GA,30320,(404) 481-2340,ga/atlanta/11700-spine-rd,33.64086196735966,-84.42928899766264,Georgia
667,123 Perimeter Ctr W,Atlanta,GA,30346,(770) 677-5542,ga/atlanta/123-perimeter-ctr-w,33.9278660829241,-84.34403443602827,Georgia
1760,1401 Oxford Rd NE,Atlanta,GA,30307,(404) 855-4990,ga/atlanta/1401-oxford-rd-ne,33.78863733648415,-84.32665965129746,Georgia
2106,1745 Peachtree St NE,Atlanta,GA,30309,(404) 481-2773,ga/atlanta/1745-peachtree-st-ne,33.80081505530346,-84.39220957729816,Georgia
1866,2020 Howell Mill Rd NW,Atlanta,GA,30318,(404) 937-5296,ga/atlanta/2020-howell-mill-rd-nw,33.8101168,-84.4130441,Georgia
1717,2078 Henderson Mill Rd NE,Atlanta,GA,30345,(678) 281-2072,ga/atlanta/2078-henderson-mill-rd-ne,33.845862658514974,-84.25600602883429,Georgia
4543,2571 Sidney Marcus Blvd NE,Atlanta,GA,30324,(470) 986-1153,ga/atlanta/2571-sidney-marcus-blvd-ne,33.825622,-84.3653154,Georgia
3595,2810 Paces Ferry Rd SE,Atlanta,GA,30339,(678) 275-2360,ga/atlanta/2810-paces-ferry-rd-se,33.86555528065659,-84.46936759487068,Georgia
485,2963 N Druid Hills Rd NE,Atlanta,GA,30329,(404) 929-9907,ga/atlanta/2963-n-druid-hills-rd-ne,33.81470652473796,-84.31016554752678,Georgia
576,2973 Cobb Pkwy SE,Atlanta,GA,30339,(770) 916-0788,ga/atlanta/2973-cobb-pkwy-se,33.88102857875902,-84.46140194291598,Georgia
2215,3393 Peachtree Rd,Atlanta,GA,30326,(404) 481-2467,ga/atlanta/3393-peachtree-rd,33.845309,-84.36136,Georgia
391,3424 Piedmont Rd NE,Atlanta,GA,30305,(404) 869-7921,ga/atlanta/3424-piedmont-rd-ne,33.84814155240244,-84.37417909201338,Georgia
2100,4400 Ashford Dunwoody Rd NE,Atlanta,GA,30346,(678) 317-0103,ga/atlanta/4400-ashford-dunwoody-rd-ne,33.923801014291904,-84.34114998377137,Georgia
2471,4600 Roswell Rd,Atlanta,GA,30342,(404) 257-1510,ga/atlanta/4600-roswell-rd,33.880831760821536,-84.3809583411045,Georgia
3145,540 17th St NW,Atlanta,GA,30318,(404) 872-6915,ga/atlanta/540-17th-st-nw,33.791027225178105,-84.40703749202919,Georgia
373,718 Ponce De Leon Ave NE,Atlanta,GA,30306,(404) 685-3531,ga/atlanta/718-ponce-de-leon-ave-ne,33.77392179723447,-84.36356532716769,Georgia
3590,2925 Buford Dr,Buford,GA,30519,(678) 288-2142,ga/buford/2925-buford-dr,34.0498845117949,-83.99184952461077,Georgia
932,3350 Buford Dr,Buford,GA,30519,(678) 482-4355,ga/buford/3350-buford-dr,34.0731190716733,-83.9848486165676,Georgia
2873,3201 Macon Rd,Columbus,GA,31906,(706) 561-3060,ga/columbus/3201-macon-rd,32.48287459988765,-84.94301721165674,Georgia
2108,5295 Whittlesey Blvd,Columbus,GA,31909,(706) 225-5773,ga/columbus/5295-whittlesey-blvd,32.54176918447279,-84.9503442909704,Georgia
2125,198 W Ponce De Leon Ave,Decatur,GA,30030,(404) 481-2778,ga/decatur/198-w-ponce-de-leon-ave,33.775353993630354,-84.29870058416805,Georgia
,2474 Wesley Chapel Rd,Decatur,GA,30035,(678) 502-7455,ga/decatur/2474-wesley-chapel-rd,33.71532207292566,-84.2151045,Georgia
459,11720 Medlock Bridge Rd,Duluth,GA,30097,(770) 623-1724,ga/duluth/11720-medlock-bridge-rd,34.06625161052994,-84.1699452439795,Georgia
379,2040 Pleasant Hill Rd,Duluth,GA,30096,(678) 584-0011,ga/duluth/2040-pleasant-hill-rd,33.95524015106256,-84.1310987699232,Georgia
2914,2190 Peachtree Industrial Blvd,Duluth,GA,30097,(770) 418-9120,ga/duluth/2190-peachtree-industrial-blvd,34.0214559846354,-84.12027296747647,Georgia
4194,1614 Mount Vernon Rd,Dunwoody,GA,30338,(470) 622-7327,ga/dunwoody/1614-mount-vernon-rd,33.9465408169999,-84.33386667055224,Georgia
,8753 Roswell Rd,Dunwoody,GA,30350,(470) 514-3530,ga/dunwoody/8753-roswell-rd,33.995693278542014,-84.35045425014997,Georgia
2607,1134 Dawsonville Hwy,Gainesville,GA,30501,(770) 287-0887,ga/gainesville/1134-dawsonville-hwy,34.3032822,-83.858686,Georgia
,604 White Sulphur Rd,Gainesville,GA,30501,(678) 707-7184,ga/gainesville/604-white-sulphur-rd,34.31535853864403,-83.7938320360034,Georgia
2706,777 Townpark Ln NW,Kennesaw,GA,30144,(770) 675-3993,ga/kennesaw/777-townpark-ln-nw,34.03541847770412,-84.57355248098565,Georgia
1972,954 Ernest W Barrett Pkwy NW,Kennesaw,GA,30144,(678) 279-7996,ga/kennesaw/954-ernest-w-barrett-pkwy-nw,34.00384741990944,-84.57924998900114,Georgia
,1475 Pleasant Hill Rd,Lawrenceville,GA,30044,(678) 502-7384,ga/lawrenceville/1475-pleasant-hill-rd,33.94073086057992,-84.12273104662705,Georgia
3289,4885 Sugarloaf Pkwy,Lawrenceville,GA,30044,(678) 985-1012,ga/lawrenceville/4885-sugarloaf-pkwy,33.95567904762974,-84.0551910046769,Georgia
909,860 Duluth Hwy,Lawrenceville,GA,30043,(678) 985-9290,ga/lawrenceville/860-duluth-hwy,33.9671011440112,-84.02245834910435,Georgia
1464,1281 Johnson Ferry Rd,Marietta,GA,30068,(678) 279-1604,ga/marietta/1281-johnson-ferry-rd,33.980022015632436,-84.4246115323565,Georgia
,2675 Windy Hill Rd SE,Marietta,GA,30067,(678) 275-2369,ga/marietta/2675-windy-hill-rd-se,33.901473,-84.47732910491085,Georgia
3378,3606 Sandy Plains Rd,Marietta,GA,30066,(678) 275-2039,ga/marietta/3606-sandy-plains-rd,34.037258,-84.461132,Georgia
,54 Cobb Pkwy N,Marietta,GA,30062,(470) 750-6654,ga/marietta/54-cobb-pkwy-n,33.95231403263795,-84.52075120403673,Georgia
1652,5175 Peachtree Pkwy,Norcross,GA,30092,(678) 281-1990,ga/norcross/5175-peachtree-pkwy,33.9801977742114,-84.21719131626006,Georgia
3210,5485 Jimmy Carter Blvd,Norcross,GA,30093,(770) 446-2432,ga/norcross/5485-jimmy-carter-blvd,33.90860537855734,-84.20569164719689,Georgia
,2120 Pooler Pkwy,Pooler,GA,31322,(912) 912-2566,ga/pooler/2120-pooler-pkwy,32.07882856428843,-81.28265431877384,Georgia
2389,6 Mill Creek Cir,Pooler,GA,31322,(912) 330-0675,ga/pooler/6-mill-creek-cir,32.140189191111766,-81.24343997702158,Georgia
2041,1801 E Victory Dr,Savannah,GA,31404,(912) 303-5870,ga/savannah/1801-e-victory-dr,32.043855769009234,-81.07206736043338,Georgia
2229,318 Mall Blvd,Savannah,GA,31406,(912) 335-3380,ga/savannah/318-mall-blvd,32.005302552023984,-81.11390031116984,Georgia
,1108 N Saint Augustine Rd,Valdosta,GA,31601,(229) 506-5213,ga/valdosta/1108-n-saint-augustine-rd,30.840475736533808,-83.32254104091434,Georgia
,3289 Inner Perimter Rd.,Valdosta,GA,31602,(229) 929-2988,ga/valdosta/3289-inner-perimter-rd,30.883397,-83.287184,Georgia
,2075 Towne Lake Pkwy,Woodstock,GA,30189,(678) 275-2366,ga/woodstock/2075-towne-lake-pkwy,34.109087298516805,-84.55277585153789,Georgia
3540,9480 Hwy 92,Woodstock,GA,30188,(678) 275-2293,ga/woodstock/9480-hwy-92,34.085881529215364,-84.52289025276082,Georgia
1624,205 N Milwaukee St,Boise,ID,83704,(208) 376-3433,id/boise/205-n-milwaukee-st,43.606686,-116.2823,Idaho
2259,305 S 6th St,Boise,ID,83702,(208) 901-3827,id/boise/305-s-6th-st,43.61266805437867,-116.20309363558198,Idaho
,702 E Boise Ave,Boise,ID,83706,(208) 509-4827,id/boise/702-e-boise-ave,43.5788477,-116.1740201,Idaho
2783,7610 W State Street,Boise,ID,83714,(208) 853-0853,id/boise/7610-w-state-street,43.67126092041141,-116.28303340613422,Idaho
,1323 W Chinden Blvd,Meridian,ID,83646,(208) 918-8810,id/meridian/1323-w-chinden-blvd,43.662327,-116.410146,Idaho
1997,2126 N Eagle Rd,Meridian,ID,83646,(208) 288-0595,id/meridian/2126-n-eagle-rd,43.62420794020334,-116.353922864418,Idaho
3468,1167 N Eola Rd,Aurora,IL,60502,(630) 405-7171,il/aurora/1167-n-eola-rd,41.780402,-88.2400918,Illinois
1462,1480 N Orchard Rd,Aurora,IL,60506,(630) 723-5004,il/aurora/1480-n-orchard-rd,41.78628300002481,-88.37625017790987,Illinois
1888,2902 Kirk Rd,Aurora,IL,60502,(630) 429-9437,il/aurora/2902-kirk-rd,41.813719219486686,-88.28039555276126,Illinois
624,848 N Route 59,Aurora,IL,60504,(630) 851-3271,il/aurora/848-n-route-59,41.76848482177453,-88.20634978693226,Illinois
2884,170 E Lake St,Bloomingdale,IL,60108,(630) 529-5128,il/bloomingdale/170-e-lake-st,41.957117193991756,-88.07361856258296,Illinois
4191,394 W Army Trail Rd,Bloomingdale,IL,60108,(224) 955-2142,il/bloomingdale/394-w-army-trail-rd,41.93874691450645,-88.11418875428255,Illinois
,256 S Weber Rd,Bolingbrook,IL,60490,(331) 273-3078,il/bolingbrook/256-s-weber-rd,41.691551669709554,-88.1238823437842,Illinois
3136,750 Janes Ave,Bolingbrook,IL,60440,(630) 312-8753,il/bolingbrook/750-janes-ave,41.72133805137166,-88.03794158895494,Illinois
771,528 E Green St,Champaign,IL,61820,(217) 344-0466,il/champaign/528-e-green-st,40.11042402624319,-88.23064214662702,Illinois
1837,903 W Anthony Dr,Champaign,IL,61821,(217) 398-0997,il/champaign/903-w-anthony-dr,40.13749109892263,-88.25864082861125,Illinois
88,10 E Jackson Blvd,Chicago,IL,60604,(312) 566-0308,il/chicago/10-e-jackson-blvd,41.87838824081532,-87.62723103553652,Illinois
711,10 S La Salle St,Chicago,IL,60603,(312) 977-0506,il/chicago/10-s-la-salle-st,41.8818629853979,-87.6327636533693,Illinois
413,1025 W Belmont Ave,Chicago,IL,60657,(773) 348-5388,il/chicago/1025-w-belmont-ave,41.93973087336189,-87.65514537055225,Illinois
3433,1027 W Addison St,Chicago,IL,60613,(872) 206-3389,il/chicago/1027-w-addison-st,41.9469614,-87.6554621,Illinois
4272,109 E Pearson St,Chicago,IL,60611,(312) 680-0911,il/chicago/109-e-pearson-st,41.89742360942377,-87.6254928164165,Illinois
1909,1132 S Clinton St,Chicago,IL,60607,(773) 453-3021,il/chicago/1132-s-clinton-st,41.868017973990106,-87.64108456869985,Illinois
3430,1142 S Wabash Ave,Chicago,IL,60605,(312) 635-9278,il/chicago/1142-s-wabash-ave,41.86782060020389,-87.62609926489266,Illinois
156,1166 N State St,Chicago,IL,60610,(312) 654-8637,il/chicago/1166-n-state-st,41.9037469498126,-87.62887866625306,Illinois
1979,1522 E 53rd St,Chicago,IL,60615,(773) 347-0008,il/chicago/1522-e-53rd-st,41.79976414052167,-87.58806003497028,Illinois
,160 E Huron St,Chicago,IL,60611,(312) 324-0290,il/chicago/160-e-huron-st,41.8950843,-87.6230933,Illinois
,1611 N Western Ave,Chicago,IL,60647,(872) 327-9007,il/chicago/1611-n-western-ave,41.910493508316556,-87.68645267664556,Illinois
505,1733 N Damen Ave,Chicago,IL,60647,(773) 772-5713,il/chicago/1733-n-damen-ave,41.913297970392065,-87.67733037205755,Illinois
42,2000 N Clybourn Ave,Chicago,IL,60614,(773) 935-5710,il/chicago/2000-n-clybourn-ave,41.91771716156459,-87.66007601210151,Illinois
1401,210 W North Ave,Chicago,IL,60610,(312) 379-0536,il/chicago/210-w-north-ave,41.911403227125746,-87.63506934259453,Illinois
655,230 West Monroe Street,Chicago,IL,60606,(312) 727-0054,il/chicago/230-west-monroe-street,41.88108437813068,-87.63511297548047,Illinois
586,2302 W 95th St,Chicago,IL,60643,(773) 239-7363,il/chicago/2302-w-95th-st,41.72143990127644,-87.6799634265775,Illinois
91,233 W Lake St,Chicago,IL,60606,(312) 263-6230,il/chicago/233-w-lake-st,41.8855320270008,-87.63522506502972,Illinois
3481,2400 N Lincoln Ave,Chicago,IL,60614,(773) 770-4448,il/chicago/2400-n-lincoln-ave,41.9255655,-87.6491868,Illinois
627,2640 N Narragansett Ave,Chicago,IL,60639,(773) 745-3912,il/chicago/2640-n-narragansett-ave,41.92851792184805,-87.78722253233002,Illinois
1244,2743 N Elston Ave,Chicago,IL,60647,(773) 661-0250,il/chicago/2743-n-elston-ave,41.93166629191262,-87.68637726512645,Illinois
1740,2809 N Ashland Ave,Chicago,IL,60657,(773) 969-4966,il/chicago/2809-n-ashland-ave,41.93283499537232,-87.66802508832586,Illinois
144,291 E Ontario St,Chicago,IL,60611,(312) 587-7753,il/chicago/291-e-ontario-st,41.89327197431857,-87.62062693490938,Illinois
,2935 W. Peterson,Chicago,IL,60659,,il/chicago/2935-w-peterson,41.99019949047938,-87.70322429443654,Illinois
2153,311 S Wacker Dr,Chicago,IL,60606,(312) 291-4949,il/chicago/311-s-wacker-dr,41.877682766402046,-87.63546849221979,Illinois
240,316 N Michigan Ave,Chicago,IL,60601,(312) 578-0950,il/chicago/316-n-michigan-ave,41.887287723166054,-87.62484811532687,Illinois
1612,3227 W Addison St,Chicago,IL,60618,(773) 596-2588,il/chicago/3227-w-addison-st,41.94578588649546,-87.70913422485143,Illinois
1922,3312 N Western Ave,Chicago,IL,60618,(773) 634-3215,il/chicago/3312-n-western-ave,41.94133967847937,-87.68876654419415,Illinois
2923,41 W 87th St,Chicago,IL,60620,(773) 783-3261,il/chicago/41-w-87th-st,41.73579185673286,-87.6259547973151,Illinois
1983,4657 W Irving Park Rd,Chicago,IL,60641,(708) 667-4357,il/chicago/4657-w-irving-park-rd,41.95324304724903,-87.74494020246414,Illinois
3785,4701 W Foster Ave,Chicago,IL,60630,(773) 467-7841,il/chicago/4701-w-foster-ave,41.97399009763391,-87.74596564062458,Illinois
2408,5224 N Broadway St,Chicago,IL,60640,(773) 878-1132,il/chicago/5224-n-broadway-st,41.97713525720151,-87.66040990548163,Illinois
1292,525 W Monroe St,Chicago,IL,60661,(312) 379-0246,il/chicago/525-w-monroe-st,41.880363979091925,-87.64086857977964,Illinois
2409,5330 S Pulaski Rd,Chicago,IL,60632,(773) 581-7625,il/chicago/5330-s-pulaski-rd,41.796193330266235,-87.72356814466468,Illinois
3651,5533 S Harlem Ave,Chicago,IL,60638,(773) 432-4610,il/chicago/5533-s-harlem-ave,41.7908958004872,-87.80107235337873,Illinois
1642,5961 N Lincoln Ave,Chicago,IL,60659,(773) 303-2029,il/chicago/5961-n-lincoln-ave,41.98955173079163,-87.70556567170865,Illinois
484,6 W Grand Ave,Chicago,IL,60654,(312) 828-0613,il/chicago/6-w-grand-ave,41.89186530966558,-87.6284867662531,Illinois
308,610 W Diversey Pkwy,Chicago,IL,60614,(773) 281-1492,il/chicago/610-w-diversey-pkwy,41.93303499501625,-87.64420581377357,Illinois
400,6600 N Sheridan Rd,Chicago,IL,60626,(773) 465-9281,il/chicago/6600-n-sheridan-rd,42.00272859488067,-87.66121950000002,Illinois
3367,725 S Seeley St,Chicago,IL,60612,(312) 324-0454,il/chicago/725-s-seeley-st,41.872416109598866,-87.67723022453691,Illinois
2796,7561 S. Cicero Avenue,Chicago,IL,60652,(773) 581-8054,il/chicago/7561-s-cicero-avenue,41.75477468508043,-87.74066386656762,Illinois
850,8 E Madison St,Chicago,IL,60602,(312) 629-3662,il/chicago/8-e-madison-st,41.8822769494024,-87.62712131212254,Illinois
2768,806 W 63rd St,Chicago,IL,60621,(773) 962-0739,il/chicago/806-w-63rd-st,41.77998374448471,-87.64511749125887,Illinois
794,1013 W Lincoln Hwy,Dekalb,IL,60115,(815) 756-3715,il/dekalb/1013-w-lincoln-hwy,41.931431845416185,-88.77154605520798,Illinois
2685,2383 Sycamore Rd,Dekalb,IL,60115,(815) 754-0379,il/dekalb/2383-sycamore-rd,41.95327767992289,-88.72541913125025,Illinois
2855,1203 Ogden Ave,Downers Grove,IL,60515,(630) 963-1688,il/downers-grove/1203-ogden-ave,41.80818828892083,-88.01441313551402,Illinois
1339,1556 Butterfield Rd,Downers Grove,IL,60515,(630) 576-5030,il/downers-grove/1556-butterfield-rd,41.835385221061976,-88.02484677047698,Illinois
498,139 N York St,Elmhurst,IL,60126,(630) 834-0932,il/elmhurst/139-n-york-st,41.90128793628984,-87.93955009479197,Illinois
2588,353 S IL Route 83,Elmhurst,IL,60126,(630) 617-5016,il/elmhurst/353-s-il-route-83,41.8906671514621,-87.96134850690294,Illinois
168,2341 Willow Rd,Glenview,IL,60025,(847) 724-8580,il/glenview/2341-willow-rd,42.1047828894707,-87.81413174203072,Illinois
2298,3846 Willow Road,Glenview,IL,60062,(847) 513-0016,il/glenview/3846-willow-road,42.10959366267737,-87.87485956564137,Illinois
1622,15 E Golf Rd,Hoffman Estates,IL,60169,(630) 439-1610,il/hoffman-estates/15-e-golf-rd,42.04887855263254,-88.0789019139159,Illinois
1169,4600 Hoffman Blvd,Hoffman Estates,IL,60192,(847) 649-5800,il/hoffman-estates/4600-hoffman-blvd,42.070531743437954,-88.19111400900215,Illinois
2349,2609 W Jefferson St,Joliet,IL,60435,(815) 280-0244,il/joliet/2609-w-jefferson-st,41.52262690215944,-88.14753271163943,Illinois
1671,2848 Plainfield Rd,Joliet,IL,60435,(815) 733-2197,il/joliet/2848-plainfield-rd,41.57683337366689,-88.15887184293956,Illinois
,1315 S Naper Blvd,Naperville,IL,60540,(630) 687-1692,il/naperville/1315-s-naper-blvd,41.7488152,-88.11514710000002,Illinois
1800,1516 N Naper Blvd,Naperville,IL,60563,(331) 457-4192,il/naperville/1516-n-naper-blvd,41.79744009721777,-88.11870392423975,Illinois
90,22 E Chicago Ave,Naperville,IL,60540,(630) 718-9420,il/naperville/22-e-chicago-ave,41.77110921985168,-88.14731496183853,Illinois
1663,2856 S Route 59,Naperville,IL,60564,(331) 457-4175,il/naperville/2856-s-route-59,41.711823457575214,-88.20511906702484,Illinois
2731,1601 E College Ave,Normal,IL,61761,(309) 268-9924,il/normal/1601-e-college-ave,40.50990552797712,-88.95471746569933,Illinois
1633,701 S Main St,Normal,IL,61761,(309) 862-0309,il/normal/701-s-main-st,40.50423995214962,-88.9949881358965,Illinois
2556,11018 S Cicero Ave,Oak Lawn,IL,60453,(708) 424-0499,il/oak-lawn/11018-s-cicero-ave,41.69188675089678,-87.74027828607763,Illinois
1137,6230 W 95th St,Oak Lawn,IL,60453,(708) 529-2100,il/oak-lawn/6230-w-95th-st,41.72002165458725,-87.77650428433874,Illinois
454,3821 E Main St,Saint Charles,IL,60174,(630) 587-9033,il/saint-charles/3821-e-main-st,41.92058885136525,-88.26592711364094,Illinois
3849,815 S Randall Rd,Saint Charles,IL,60174,(630) 524-2432,il/saint-charles/815-s-randall-rd,41.90210864869095,-88.3416568733941,Illinois
208,2558 W Schaumburg Rd,Schaumburg,IL,60194,(847) 839-8580,il/schaumburg/2558-w-schaumburg-rd,42.02525727666639,-88.14369206674729,Illinois
3176,5 Woodfield Mall,Schaumburg,IL,60173,(847) 517-3950,il/schaumburg/5-woodfield-mall,42.04576216311128,-88.03737823661633,Illinois
53,601 N Martingale Rd,Schaumburg,IL,60173,(847) 517-8670,il/schaumburg/601-n-martingale-rd,42.04024810409505,-88.03379390611107,Illinois
,3654 Touhy Ave,Skokie,IL,60076,(847) 213-9270,il/skokie/3654-touhy-ave,42.01207488982527,-87.72098941104507,Illinois
89,5373 Touhy Ave,Skokie,IL,60077,(847) 763-1580,il/skokie/5373-touhy-ave,42.01133934438709,-87.7628489328207,Illinois
605,9408 Skokie Blvd,Skokie,IL,60077,(847) 679-0025,il/skokie/9408-skokie-blvd,42.052268534374164,-87.74730965945218,Illinois
4367,2325 N Dirksen Pkwy,Springfield,IL,62702,(217) 670-6863,il/springfield/2325-n-dirksen-pkwy,39.833971277647706,-89.60555163288416,Illinois
1037,2579 Wabash Ave,Springfield,IL,62704,(217) 321-0500,il/springfield/2579-wabash-ave,39.764472183693414,-89.70433341625312,Illinois
1082,15980 Harlem Ave,Tinley Park,IL,60477,(708) 407-7500,il/tinley-park/15980-harlem-ave,41.6007970286712,-87.79467815301211,Illinois
,7226 W 191st Street,Tinley Park,IL,60487,(708) 263-4080,il/tinley-park/7226-w-191st-street,41.54648702225868,-87.79329371240667,Illinois
,1980 S Naperville Rd,Wheaton,IL,60189,(331) 716-2260,il/wheaton/1980-s-naperville-rd,41.83450136953471,-88.10275190899343,Illinois
1466,2119 W Roosevelt Rd,Wheaton,IL,60187,(630) 580-5041,il/wheaton/2119-w-roosevelt-rd,41.858237893153735,-88.13908241066997,Illinois
1804,2894 E 3rd St,Bloomington,IN,47401,(812) 334-7623,in/bloomington/2894-e-3rd-st,39.16141442823375,-86.49661829483216,Indiana
,3151 W 3rd St,Bloomington,IN,47404,(812) 947-0709,in/bloomington/3151-w-3rd-st,39.163999,-86.574497,Indiana
563,420 E Kirkwood Ave,Bloomington,IN,47408,(812) 330-1435,in/bloomington/420-e-kirkwood-ave,39.166285738149845,-86.52904216165928,Indiana
,10575 N Michigan Rd,Carmel,IN,46032,(463) 333-9428,in/carmel/10575-n-michigan-rd,39.9391951635967,-86.23523491317044,Indiana
2327,12697 Pennsylvania St,Carmel,IN,46032,(317) 844-4742,in/carmel/12697-pennsylvania-st,39.97252248244745,-86.15455607607475,Indiana
686,2420 E 146th St,Carmel,IN,46033,(317) 816-0033,in/carmel/2420-e-146th-st,40.000772151031036,-86.11894650674861,Indiana
,1310 Hirschland Rd,Evansville,IN,47715,(812) 916-4789,in/evansville/1310-hirschland-rd,37.98846899999999,-87.473142,Indiana
,2800 N Green River Rd,Evansville,IN,47715,(812) 916-4757,in/evansville/2800-n-green-river-rd,38.00270785704432,-87.49291789621333,Indiana
,4710 W Lloyd Expy,Evansville,IN,47712,(812) 436-1088,in/evansville/4710-w-lloyd-expy,37.975951,-87.632677,Indiana
2077,499 N Green River Rd,Evansville,IN,47715,(812) 471-4973,in/evansville/499-n-green-river-rd,37.98082540579189,-87.49201180387706,Indiana
4215,1715 Apple Glen Blvd,Fort Wayne,IN,46804,(260) 268-0636,in/fort-wayne/1715-apple-glen-blvd,41.07227563575151,-85.20052082927927,Indiana
2691,6175 Lima Rd,Fort Wayne,IN,46818,(260) 489-0722,in/fort-wayne/6175-lima-rd,41.1351220320867,-85.16191923388442,Indiana
1066,910 E Coliseum Blvd,Fort Wayne,IN,46805,(260) 483-6074,in/fort-wayne/910-e-coliseum-blvd,41.11749543367268,-85.12841851761874,Indiana
2208,1002 Broad Ripple Ave,Indianapolis,IN,46220,(317) 225-5193,in/indianapolis/1002-broad-ripple-ave,39.86995692750833,-86.14149704968548,Indiana
815,1560 E 86th St,Indianapolis,IN,46240,(317) 815-9535,in/indianapolis/1560-e-86th-st,39.912875515800636,-86.13427446800051,Indiana
554,3340 W 86th St,Indianapolis,IN,46268,(317) 415-0136,in/indianapolis/3340-w-86th-st,39.91217454296425,-86.21840365166963,Indiana
571,4625 E 96th St,Indianapolis,IN,46240,(317) 575-8292,in/indianapolis/4625-e-96th-st,39.926395906699916,-86.09033975083355,Indiana
3796,4645 S Emerson Ave,Indianapolis,IN,46203,(317) 543-7101,in/indianapolis/4645-s-emerson-ave,39.69975030003816,-86.08178138041501,Indiana
2831,5320 E 82nd St,Indianapolis,IN,46250,(317) 913-1425,in/indianapolis/5320-e-82nd-st,39.90567693958648,-86.0772180908155,Indiana
2113,6 E Washington St,Indianapolis,IN,46204,(317) 653-5098,in/indianapolis/6-e-washington-st,39.76737916079303,-86.15772653956662,Indiana
2562,601 Oscar Robertson Blvd,Indianapolis,IN,46202,(317) 822-8106,in/indianapolis/601-oscar-robertson-blvd,39.7817664,-86.1696182,Indiana
,6830 Lake Plaza Dr,Indianapolis,IN,46220,(317) 588-9053,in/indianapolis/6830-lake-plaza-dr,39.880898976254294,-86.06903060556505,Indiana
,8705 S Emerson Ave,Indianapolis,IN,46237,(317) 497-5049,in/indianapolis/8705-s-emerson-ave,39.640517,-86.082048,Indiana
2380,8812 US 31,Indianapolis,IN,46227,(317) 885-2888,in/indianapolis/8812-us-31,39.63826257311809,-86.12946814924817,Indiana
,3235 Builder Drive,Lafayette,IN,47909,(765) 250-8286,in/lafayette/3235-builder-drive,40.36848100353526,-86.85776365700214,Indiana
1775,4030 South St,Lafayette,IN,47905,(765) 446-0072,in/lafayette/4030-south-st,40.41846821399072,-86.82954387532425,Indiana
,4411 Lincolnway East Hwy,Mishawaka,IN,46544,(574) 395-5306,in/mishawaka/4411-lincolnway-east-hwy,41.6633178,-86.1110046,Indiana
808,5545 N Main St,Mishawaka,IN,46545,(574) 271-3353,in/mishawaka/5545-n-main-st,41.71028083439904,-86.18070116590599,Indiana
1268,1251 N Eddy St,South Bend,IN,46617,(574) 251-0175,in/south-bend/1251-n-eddy-st,41.69212665417138,-86.23591317695107,Indiana
2805,202 W Ireland Rd,South Bend,IN,46614,(574) 231-8731,in/south-bend/202-w-ireland-rd,41.62844639756683,-86.25276307852155,Indiana
4162,52770 In-933,South Bend,IN,46637,(574) 807-0408,in/south-bend/52770-in-933,41.72643665962613,-86.25005315788422,Indiana
690,200 W State St,West Lafayette,IN,47906,(765) 743-4804,in/west-lafayette/200-w-state-st,40.42362984548049,-86.90715731056514,Indiana
3464,2400 N Salisbury St,West Lafayette,IN,47906,(765) 746-7884,in/west-lafayette/2400-n-salisbury-st,40.4521423,-86.9153283,Indiana
,1020 W Kimberly Rd,Davenport,IA,52806,(563) 900-4186,ia/davenport/1020-w-kimberly-rd,41.56090837280458,-90.58670073995056,Iowa
1700,5270 Elmore Ave,Davenport,IA,52807,(563) 484-3293,ia/davenport/5270-elmore-ave,41.57325064748647,-90.52935652944774,Iowa
1162,1551 Valley West Dr,West Des Moines,IA,50266,(515) 422-9800,ia/west-des-moines/1551-valley-west-dr,41.59781442577731,-93.74970726876026,Iowa
2557,490 S 68th St,West Des Moines,IA,50266,(515) 226-8527,ia/west-des-moines/490-s-68th-st,41.562482615708745,-93.799376757745,Iowa
891,1813 Village West Pkwy,Kansas City,KS,66111,(913) 299-9221,ks/kansas-city/1813-village-west-pkwy,39.12609141569529,-94.82349147181034,Kansas
,7750 State Ave,Kansas City,KS,66112,(913) 777-0048,ks/kansas-city/7750-state-ave,39.11673846111161,-94.7600431079143,Kansas
2154,1420 W 23rd St,Lawrence,KS,66046,(785) 312-9081,ks/lawrence/1420-w-23rd-st,38.9431782738469,-95.25197260061168,Kansas
378,4000 W 6th St,Lawrence,KS,66049,(785) 843-1510,ks/lawrence/4000-w-6th-st,38.97284862470474,-95.29043610294525,Kansas
24,911 Massachusetts St,Lawrence,KS,66044,(785) 843-8800,ks/lawrence/911-massachusetts-st,38.967054493172,-95.23626694716076,Kansas
356,12150 W 95th St,Lenexa,KS,66215,(913) 492-4610,ks/lenexa/12150-w-95th-st,38.95731501056386,-94.7266590464634,Kansas
3397,16101 W 87th St Pkwy,Lenexa,KS,66219,(913) 777-0183,ks/lenexa/16101-w-87th-st-pkwy,38.97048613296823,-94.7727207139737,Kansas
340,6864 Johnson Dr,Mission,KS,66202,(913) 261-3530,ks/mission/6864-johnson-dr,39.0233083,-94.6648328,Kansas
4142,8800 Shawnee Mission Pkwy,Mission,KS,66202,(913) 386-2144,ks/mission/8800-shawnee-mission-pkwy,39.01535852765146,-94.68839706189254,Kansas
3164,14317 W 135th St,Olathe,KS,66062,(913) 782-0691,ks/olathe/14317-w-135th-st,38.883061713121926,-94.7521149549304,Kansas
49,15100 W 119th St,Olathe,KS,66062,(913) 393-3319,ks/olathe/15100-w-119th-st,38.91336688245573,-94.76154980706042,Kansas
,18016 W 119th St,Olathe,KS,66061,(913) 777-0078,ks/olathe/18016-w-119th-st,38.91324824901951,-94.79420789771825,Kansas
3318,197 N Parker St,Olathe,KS,66061,(913) 780-4326,ks/olathe/197-n-parker-st,38.8836353,-94.83467759999999,Kansas
738,20080 W 153rd St,Olathe,KS,66062,(913) 829-4399,ks/olathe/20080-w-153rd-st,38.85118143487868,-94.81751099999997,Kansas
2119,11513 W 95th St,Overland Park,KS,66214,(913) 438-6880,ks/overland-park/11513-w-95th-st,38.95435062443181,-94.71929285183164,Kansas
31,6879 W 91st St,Overland Park,KS,66212,(913) 652-0888,ks/overland-park/6879-w-91st-st,38.96353698157063,-94.66584090810375,Kansas
336,7040 W 135th St,Overland Park,KS,66223,(913) 897-1900,ks/overland-park/7040-w-135th-st,38.885051930374836,-94.66726981410352,Kansas
3194,8301 W 151st St,Overland Park,KS,66223,(913) 402-6989,ks/overland-park/8301-w-151st-st,38.85414939969994,-94.68326645526605,Kansas
15,9900 College Blvd,Overland Park,KS,66210,(913) 469-6620,ks/overland-park/9900-college-blvd,38.92795536341275,-94.69798653282066,Kansas
1847,11805 Shawnee Mission Parkway,Shawnee,KS,66203,(913) 232-4010,ks/shawnee/11805-shawnee-mission-parkway,39.0141721724068,-94.722661317791,Kansas
3740,15830 Shawnee Mission Pkwy,Shawnee,KS,66217,(913) 777-0058,ks/shawnee/15830-shawnee-mission-pkwy,39.0092023792118,-94.76983804594826,Kansas
,22410 W 66th St,Shawnee,KS,66226,(913) 543-7904,ks/shawnee/22410-w-66th-st,39.00938097335424,-94.84614937607479,Kansas
,2001 SE 28th St.,Topeka,KS,66605,(785) 519-6001,ks/topeka/2001-se-28th-st,39.016739796912624,-95.65120731282808,Kansas
4375,2014 NW Topeka Blvd,Topeka,KS,66608,(785) 329-4234,ks/topeka/2014-nw-topeka-blvd,39.08614708192765,-95.66426976380635,Kansas
836,2040 SW Wanamaker Rd,Topeka,KS,66604,(785) 273-3692,ks/topeka/2040-sw-wanamaker-rd,39.029519155343884,-95.76117973804605,Kansas
3508,2121 N Amidon Ave,Wichita,KS,67203,(316) 869-0185,ks/wichita/2121-n-amidon-ave,37.7218102975729,-97.3636200932541,Kansas
422,2241 N Maize Rd,Wichita,KS,67205,(316) 722-4300,ks/wichita/2241-n-maize-rd,37.724111996120406,-97.4632791926424,Kansas
,2439 S Seneca St,Wichita,KS,67217,(316) 219-7882,ks/wichita/2439-s-seneca-st,37.649524786589936,-97.35322793058141,Kansas
,2608 N Greenwich Ct,Wichita,KS,67226,(316) 448-6792,ks/wichita/2608-n-greenwich-ct,37.73083992274194,-97.20652657906486,Kansas
546,3015 N Rock Rd,Wichita,KS,67226,(316) 631-3892,ks/wichita/3015-n-rock-rd,37.73819057473566,-97.24533290368748,Kansas
547,515 N Hillside St,Wichita,KS,67214,(316) 612-6931,ks/wichita/515-n-hillside-st,37.69397588815057,-97.2994637535221,Kansas
1302,535 S Rock Rd,Wichita,KS,67207,(316) 651-0349,ks/wichita/535-s-rock-rd,37.67871226298413,-97.24504664293954,Kansas
1952,7130 W Maple St,Wichita,KS,67209,(316) 942-0263,ks/wichita/7130-w-maple-st,37.68024307543954,-97.42445738667283,Kansas
4326,7313 Turfway Rd,Florence,KY,41042,(859) 657-0638,ky/florence/7313-turfway-rd,39.011745594272874,-84.63019433829626,Kentucky
565,7516 Mall Rd,Florence,KY,41042,(859) 282-7715,ky/florence/7516-mall-rd,39.00151275981252,-84.65273960061165,Kentucky
1307,7915 Dream St,Florence,KY,41042,(859) 371-3002,ky/florence/7915-dream-st,38.98875575553001,-84.64185621159845,Kentucky
4132,1584 Leestown Rd,Lexington,KY,40511,(859) 399-6803,ky/lexington/1584-leestown-rd,38.06595726825339,-84.5254053155873,Kentucky
545,1869 Plaudit Pl,Lexington,KY,40509,(859) 263-2611,ky/lexington/1869-plaudit-pl,38.01731088823587,-84.41832706876778,Kentucky
4052,2270 Nicholasville Rd,Lexington,KY,40503,(859) 785-8142,ky/lexington/2270-nicholasville-rd,38.00661399827296,-84.5176199907286,Kentucky
572,2905 Richmond Rd,Lexington,KY,40509,(859) 268-1142,ky/lexington/2905-richmond-rd,38.00529377637413,-84.44938885645047,Kentucky
499,345 S Limestone,Lexington,KY,40508,(859) 389-6643,ky/lexington/345-s-limestone,38.042701746623656,-84.50268633701171,Kentucky
2429,3565 Nicholasville Rd,Lexington,KY,40503,(859) 288-0365,ky/lexington/3565-nicholasville-rd,37.98760150174309,-84.52759618560964,Kentucky
2096,10333 Westport Rd,Louisville,KY,40241,(502) 526-5170,ky/louisville/10333-westport-rd,38.29402510069353,-85.56013987228573,Kentucky
2248,1075 Bardstown Rd,Louisville,KY,40204,(502) 452-8990,ky/louisville/1075-bardstown-rd,38.238967765597295,-85.7213778155512,Kentucky
2428,13303 Shelbyville Rd,Louisville,KY,40223,(502) 244-7173,ky/louisville/13303-shelbyville-rd,38.243150314937814,-85.5087676883245,Kentucky
1965,315 S 4th St,Louisville,KY,40202,(502) 584-8606,ky/louisville/315-s-4th-st,38.2531778531652,-85.75698610274395,Kentucky
2615,420 S Hurstbourne Pkwy,Louisville,KY,40222,(502) 425-3017,ky/louisville/420-s-hurstbourne-pkwy,38.24016569713472,-85.57749303860567,Kentucky
,7710 Bardstown Rd,Louisville,KY,40291,(502) 398-3452,ky/louisville/7710-bardstown-rd,38.135436482710325,-85.58090075711252,Kentucky
840,2002 Annapolis Mall,Annapolis,MD,21401,(410) 897-1925,md/annapolis/2002-annapolis-mall,38.987532630734684,-76.54703064003739,Maryland
1936,36 Market Space,Annapolis,MD,21401,(410) 268-7586,md/annapolis/36-market-space,38.97779087252231,-76.487811240702,Maryland
2225,1040 W 41st St,Baltimore,MD,21211,(443) 681-1260,md/baltimore/1040-w-41st-st,39.33792929501156,-76.63549270838175,Maryland
1722,1209 N Charles St,Baltimore,MD,21201,(443) 681-1204,md/baltimore/1209-n-charles-st,39.304174735829484,-76.61585970552252,Maryland
,1507 Havenwood Drive,Baltimore,MD,21218,(443) 602-8533,md/baltimore/1507-havenwood-drive,39.3406331,-76.59253389999999,Maryland
1523,2400 Boston St,Baltimore,MD,21224,(443) 478-4961,md/baltimore/2400-boston-st,39.28122507508433,-76.58065271435662,Maryland
3598,2588 Quarry Lake Dr,Baltimore,MD,21209,(410) 753-2040,md/baltimore/2588-quarry-lake-dr,39.38468044055545,-76.68878399770468,Maryland
2332,300 West Pratt St,Baltimore,MD,21201,(410) 244-7246,md/baltimore/300-west-pratt-st,39.28670810700659,-76.61954139079,Maryland
835,3201 Saint Paul St,Baltimore,MD,21218,(410) 662-1701,md/baltimore/3201-saint-paul-st,39.32711327311955,-76.61563964514873,Maryland
3264,501 Bayview Blvd,Baltimore,MD,21224,(443) 965-9886,md/baltimore/501-bayview-blvd,39.28973113831752,-76.54926002175344,Maryland
1993,5341 Campbell Blvd,Baltimore,MD,21236,(410) 933-0630,md/baltimore/5341-campbell-blvd,39.36785300275849,-76.4518370539846,Maryland
3413,600 E Pratt St,Baltimore,MD,21202,(667) 401-0794,md/baltimore/600-e-pratt-st,39.28708929037682,-76.60770836078262,Maryland
510,6314 York Rd,Baltimore,MD,21212,(410) 377-7728,md/baltimore/6314-york-rd,39.372166,-76.610238,Maryland
1721,919 E Fort Ave,Baltimore,MD,21230,(443) 681-1399,md/baltimore/919-e-fort-ave,39.271379720563324,-76.60113312733483,Maryland
1877,Post Security - Ab Concourse Food Court,Baltimore,MD,21240,(410) 859-8015,md/baltimore/post-security-ab-concourse-food-court,39.179407525873195,-76.67107082774805,Maryland
1225,10400 Old Georgetown Rd,Bethesda,MD,20814,(301) 214-2410,md/bethesda/10400-old-georgetown-rd,39.025750105304965,-77.12701517090339,Maryland
2388,7101 Democracy Blvd,Bethesda,MD,20817,(301) 469-0320,md/bethesda/7101-democracy-blvd,39.02284,-77.14688,Maryland
44,7600 Old Georgetown Rd,Bethesda,MD,20814,(301) 907-9077,md/bethesda/7600-old-georgetown-rd,38.98574474488044,-77.09621984356863,Maryland
1139,10201 Martin Luther King Jr Hwy,Bowie,MD,20720,(301) 464-4517,md/bowie/10201-martin-luther-king-jr-hwy,38.954909651304945,-76.82841549901345,Maryland
2618,15475 Annapolis Rd,Bowie,MD,20715,(301) 262-2769,md/bowie/15475-annapolis-rd,38.977747980568715,-76.73486628044176,Maryland
446,15500 Excelsior Dr,Bowie,MD,20716,(301) 262-4580,md/bowie/15500-excelsior-dr,38.9444902,-76.7351126,Maryland
1786,10250 Baltimore Ave,College Park,MD,20740,(240) 387-7140,md/college-park/10250-baltimore-ave,39.02266088154668,-76.92578800447194,Maryland
105,7332 Baltimore Ave,College Park,MD,20740,(240) 582-0015,md/college-park/7332-baltimore-ave,38.980360533681065,-76.93895814723874,Maryland
1320,10300 Little Patuxent Pkwy,Columbia,MD,21044,(410) 997-1083,md/columbia/10300-little-patuxent-pkwy,39.21576521898732,-76.86145428883113,Maryland
429,6181 Old Dobbin Ln,Columbia,MD,21045,(410) 872-8688,md/columbia/6181-old-dobbin-ln,39.20076034147606,-76.8129621028375,Maryland
,9851 Broken Land Parkway,Columbia,MD,21045,(667) 678-2099,md/columbia/9851-broken-land-parkway,39.18307541071821,-76.85098815501922,Maryland
,3278 Bennett Creek Ave,Frederick,MD,21704,(240) 436-2075,md/frederick/3278-bennett-creek-ave,39.3234431,-77.3537382,Maryland
332,5223 Buckeystown Pike,Frederick,MD,21704,(301) 846-0933,md/frederick/5223-buckeystown-pike,39.37431782567405,-77.41217209325407,Maryland
1418,7820 Wormans Mill Rd,Frederick,MD,21701,(301) 698-4780,md/frederick/7820-wormans-mill-rd,39.44543317820597,-77.39736336441803,Maryland
2788,997 W Patrick St,Frederick,MD,21702,(301) 698-8140,md/frederick/997-w-patrick-st,39.416477,-77.437971,Maryland
2331,205 Boardwalk Pl,Gaithersburg,MD,20878,(240) 399-0245,md/gaithersburg/205-boardwalk-pl,39.11659665546159,-77.19844231207036,Maryland
103,564 N Frederick Ave,Gaithersburg,MD,20877,(240) 632-1228,md/gaithersburg/564-n-frederick-ave,39.148500297658316,-77.21034726304663,Maryland
461,96 Main St,Gaithersburg,MD,20878,(301) 926-3875,md/gaithersburg/96-main-st,39.12463464422319,-77.23705384612038,Maryland
1334,19881 Century Blvd,Germantown,MD,20874,(240) 686-1060,md/germantown/19881-century-blvd,39.1825474485048,-77.26392329096461,Maryland
2781,20940 Frederick Rd,Germantown,MD,20876,(301) 916-7506,md/germantown/20940-frederick-rd,39.203546428382886,-77.24794359505444,Maryland
3015,4 Mountain Rd,Glen Burnie,MD,21060,(410) 761-1205,md/glen-burnie/4-mountain-rd,39.1357911,-76.5971114,Maryland
3113,6654 Ritchie Hwy,Glen Burnie,MD,21061,(410) 766-2431,md/glen-burnie/6654-ritchie-hwy,39.194659167872096,-76.61408048684524,Maryland
,1739 Dual Highway,Hagerstown,MD,21740,(240) 329-2732,md/hagerstown/1739-dual-highway,39.61353809622598,-77.69139665024218,Maryland
1009,18003 Garland Groh Blvd,Hagerstown,MD,21740,(240) 420-8010,md/hagerstown/18003-garland-groh-blvd,39.65965626685761,-77.74470580514492,Maryland
,1461 University Blvd E,Hyattsville,MD,20783,(240) 641-8102,md/hyattsville/1461-university-blvd-e,38.98483413406463,-76.98166459201336,Maryland
3115,3500 E West Hwy,Hyattsville,MD,20782,(301) 955-9164,md/hyattsville/3500-e-west-hwy,38.96853400415319,-76.95748064375822,Maryland
1578,5501 Baltimore Ave,Hyattsville,MD,20781,(301) 927-2484,md/hyattsville/5501-baltimore-ave,38.9557641002743,-76.9399147096413,Maryland
4263,6320 Annapolis Rd,Hyattsville,MD,20784,(240) 563-9493,md/hyattsville/6320-annapolis-rd,38.94015846039701,-76.90659268918841,Maryland
536,14354 Baltimore Ave,Laurel,MD,20707,(301) 604-2241,md/laurel/14354-baltimore-ave,39.085207074107956,-76.86234769323676,Maryland
2192,3353 Corridor Marketplace,Laurel,MD,20724,(240) 241-5017,md/laurel/3353-corridor-marketplace,39.09793125921014,-76.8089896417162,Maryland
,12601 Coastal Hwy,Ocean City,MD,21842,(443) 856-4363,md/ocean-city/12601-coastal-hwy,38.4320012879776,-75.05533831765055,Maryland
1795,12909 Ocean Gtwy,Ocean City,MD,21842,(410) 213-9704,md/ocean-city/12909-ocean-gtwy,38.335864047678974,-75.10149394580105,Maryland
2593,158 National Plz,Oxon Hill,MD,20745,(301) 749-2016,md/oxon-hill/158-national-plz,38.78456502180224,-77.01677047114663,Maryland
3418,6201 Livingston Rd,Oxon Hill,MD,20745,(240) 493-8400,md/oxon-hill/6201-livingston-rd,38.80364578962447,-76.99167196867624,Maryland
2245,11802 Rockville Pike,Rockville,MD,20852,(240) 292-7466,md/rockville/11802-rockville-pike,39.04975004043924,-77.11549935500095,Maryland
293,14925 Shady Grove Rd,Rockville,MD,20850,(301) 838-9222,md/rockville/14925-shady-grove-rd,39.096486329395425,-77.19264662649374,Maryland
1147,865 Rockville Pike,Rockville,MD,20852,(301) 279-5461,md/rockville/865-rockville-pike,39.07526384358975,-77.1378042763244,Maryland
1446,1016 S Salisbury Blvd,Salisbury,MD,21801,(410) 546-6699,md/salisbury/1016-s-salisbury-blvd,38.349710762656464,-75.6026191640883,Maryland
2605,2408B N Salisbury Blvd,Salisbury,MD,21801,(410) 543-5311,md/salisbury/2408b-n-salisbury-blvd,38.40314223677961,-75.56972900580195,Maryland
1608,10135 Colesville Rd,Silver Spring,MD,20901,(240) 247-1794,md/silver-spring/10135-colesville-rd,39.020948752334306,-77.01183547632206,Maryland
2668,10161 New Hampshire Ave,Silver Spring,MD,20903,(301) 439-0715,md/silver-spring/10161-new-hampshire-ave,39.021908,-76.976732,Maryland
447,12060 Cherry Hill Rd,Silver Spring,MD,20904,(301) 586-0430,md/silver-spring/12060-cherry-hill-rd,39.055390841887636,-76.95490371477462,Maryland
4370,13801 Outlet Dr,Silver Spring,MD,20904,(240) 531-1924,md/silver-spring/13801-outlet-dr,39.08219285701611,-76.94676463289821,Maryland
411,907 Ellsworth Dr,Silver Spring,MD,20910,(301) 608-3688,md/silver-spring/907-ellsworth-dr,38.99658345340404,-77.0260550383432,Maryland
2936,401 York Rd,Towson,MD,21204,(410) 828-4046,md/towson/401-york-rd,39.400351481175285,-76.60283425975803,Maryland
1228,801 Goucher Blvd,Towson,MD,21286,(410) 296-1742,md/towson/801-goucher-blvd,39.398285220558115,-76.58570495763121,Maryland
1520,101 Summer St,Boston,MA,02110,(857) 244-6579,ma/boston/101-summer-st,42.353400966980466,-71.05809176158334,Massachusetts
1224,148 Brookline Ave,Boston,MA,02215,(617) 236-4950,ma/boston/148-brookline-ave,42.3446132495707,-71.10059735090653,Massachusetts
1653,283 Washington St,Boston,MA,02108,(617) 939-0988,ma/boston/283-washington-st,42.35754930625036,-71.05842906380633,Massachusetts
2491,51 Boston Wharf Rd,Boston,MA,02210,(617) 482-1781,ma/boston/51-boston-wharf-rd,42.35104802744972,-71.04572392262361,Massachusetts
2341,553 Boylston St,Boston,MA,02116,(617) 236-1749,ma/boston/553-boylston-st,42.350645680219706,-71.07624230622412,Massachusetts
2622,8 Park Plz,Boston,MA,02116,(617) 248-3821,ma/boston/8-park-plz,42.35175377853128,-71.06697288841269,Massachusetts
1299,227 Alewife Brook Pkwy,Cambridge,MA,02138,(617) 500-9373,ma/cambridge/227-alewife-brook-pkwy,42.38926327902601,-71.14341554480706,Massachusetts
1615,255 Main St,Cambridge,MA,02142,(857) 500-4031,ma/cambridge/255-main-st,42.36256578733272,-71.08569659653136,Massachusetts
1892,598 Massachusetts Ave,Cambridge,MA,02139,(857) 500-4066,ma/cambridge/598-massachusetts-ave,42.36482060978186,-71.10327574604725,Massachusetts
1200,237 Boston Post Rd W,Marlborough,MA,01752,(508) 480-8412,ma/marlborough/237-boston-post-rd-w,42.33874872975728,-71.59140251174601,Massachusetts
,651 Boston Post Rd E,Marlborough,MA,01752,(508) 786-8006,ma/marlborough/651-boston-post-rd-e,42.3499452,-71.5047948,Massachusetts
1250,300 Needham St,Newton,MA,02464,(617) 244-5011,ma/newton/300-needham-st,42.307720337282355,-71.21452607784259,Massachusetts
,847 Washington St,Newton,MA,02460,(617) 340-3743,ma/newton/847-washington-st,42.3516959,-71.2078341,Massachusetts
1699,1030 Main St,Waltham,MA,02451,(781) 899-4937,ma/waltham/1030-main-st,42.37576166803947,-71.25287461547114,Massachusetts
2976,1110 Lexington St.,Waltham,MA,02452,(781) 893-0340,ma/waltham/1110-lexington-st,42.41319,-71.233792,Massachusetts
3758,2295 West Stadium Boulevard,Ann Arbor,MI,48103,(734) 274-6185,mi/ann-arbor/2295-west-stadium-boulevard,42.2757784192532,-83.77836099192702,Michigan
1219,235 S State St,Ann Arbor,MI,48104,(734) 794-0800,mi/ann-arbor/235-s-state-st,42.279316523255,-83.74052148834323,Michigan
955,3354 Washtenaw Ave,Ann Arbor,MI,48104,(734) 975-9912,mi/ann-arbor/3354-washtenaw-ave,42.25544844101015,-83.69323346416957,Michigan
1158,858 Briarwood Cir,Ann Arbor,MI,48108,(734) 794-0600,mi/ann-arbor/858-briarwood-cir,42.24064162857158,-83.74531144601536,Michigan
2718,42404 Ford Road,Canton,MI,48187,(734) 981-9298,mi/canton/42404-ford-road,42.32300011815882,-83.4595837374344,Michigan
4211,45541 Michigan Ave,Canton,MI,48188,(734) 802-5060,mi/canton/45541-michigan-ave,42.2714119,-83.4884124,Michigan
4691,1603 W Lake Lansing Rd,East Lansing,MI,48823,(517) 246-4833,mi/east-lansing/1603-w-lake-lansing-rd,42.7606983,-84.5059588,Michigan
779,539 E Grand River Ave,East Lansing,MI,48823,(517) 333-3680,mi/east-lansing/539-e-grand-river-ave,42.73373708092077,-84.47725643741705,Michigan
3215,3300 Alpine Ave NW,Grand Rapids,MI,49544,(616) 647-4260,mi/grand-rapids/3300-alpine-ave-nw,43.023136,-85.6884643,Michigan
3105,6333 Kalamazoo Ave SE,Grand Rapids,MI,49508,(616) 554-4871,mi/grand-rapids/6333-kalamazoo-ave-se,42.84919771194382,-85.62602248535427,Michigan
3454,5805 W Saginaw Hwy,Lansing,MI,48917,(517) 220-9370,mi/lansing/5805-w-saginaw-hwy,42.74021654594578,-84.6341670545682,Michigan
4457,6250 SOUTH CEDAR STREET,Lansing,MI,48911,,mi/lansing/6250-south-cedar-street,42.666675873694984,-84.54440238950926,Michigan
724,2611 S Rochester Rd,Rochester Hills,MI,48307,(248) 853-2850,mi/rochester-hills/2611-s-rochester-rd,42.6420285342009,-83.13134788067111,Michigan
1696,84 N Adams Rd,Rochester Hills,MI,48309,(248) 402-0047,mi/rochester-hills/84-n-adams-rd,42.681622220214756,-83.19252816287496,Michigan
,305 W 11 Mile Rd,Royal Oak,MI,48067,(248) 607-6646,mi/royal-oak/305-w-11-mile-rd,42.48944162043658,-83.14702140833191,Michigan
791,32824 Woodward Ave,Royal Oak,MI,48073,(248) 658-3100,mi/royal-oak/32824-woodward-ave,42.5307049,-83.1979459,Michigan
860,26147 Evergreen Rd,Southfield,MI,48076,(248) 353-3448,mi/southfield/26147-evergreen-rd,42.4817125556936,-83.2416392364911,Michigan
1648,28644 Telegraph Rd,Southfield,MI,48034,(248) 415-4301,mi/southfield/28644-telegraph-rd,42.49780847319419,-83.28422197700104,Michigan
818,13975 Lakeside Cir,Sterling Heights,MI,48313,(586) 532-1139,mi/sterling-heights/13975-lakeside-cir,42.6264189910054,-82.98786882082118,Michigan
3298,35394 Van Dyke Ave,Sterling Heights,MI,48312,(586) 795-2928,mi/sterling-heights/35394-van-dyke-ave,42.5543322,-83.02897449999999,Michigan
746,3129 Crooks Rd,Troy,MI,48084,(248) 816-5103,mi/troy/3129-crooks-rd,42.56359331411894,-83.16820232050236,Michigan
,5322 Crooks Rd,Troy,MI,48098,(248) 686-1747,mi/troy/5322-crooks-rd,42.59576292776411,-83.1681325869296,Michigan
4068,15600 English Ave,Apple Valley,MN,55124,(651) 371-2084,mn/apple-valley/15600-english-ave,44.7227396,-93.1777381,Minnesota
33,7638 150th St W,Apple Valley,MN,55124,(952) 997-2211,mn/apple-valley/7638-150th-st-w,44.7312468879952,-93.2193908910636,Minnesota
630,10450 Baltimore St NE,Blaine,MN,55449,(763) 780-3138,mn/blaine/10450-baltimore-st-ne,45.160496,-93.23381,Minnesota
,12409 Ulysses St NE,Blaine,MN,55434,(612) 256-4469,mn/blaine/12409-ulysses-st-ne,45.196711473242395,-93.23693275555726,Minnesota
1452,599 Northtown Dr NE,Blaine,MN,55434,(763) 252-0016,mn/blaine/599-northtown-dr-ne,45.127262833169816,-93.25673739899048,Minnesota
754,10629 France Ave S,Bloomington,MN,55431,(952) 884-5721,mn/bloomington/10629-france-ave-s,44.81120291453044,-93.32912696966332,Minnesota
1133,322 S Avenue,Bloomington,MN,55425,(952) 252-3800,mn/bloomington/322-s-avenue,44.853527972367786,-93.24191732127844,Minnesota
3358,5901 94th Ave N,Brooklyn Park,MN,55443,(763) 315-0789,mn/brooklyn-park/5901-94th-ave-n,45.12430188965504,-93.35721872225751,Minnesota
514,7631 Jolly Ln,Brooklyn Park,MN,55428,(763) 315-5936,mn/brooklyn-park/7631-jolly-ln,45.094135428312846,-93.38319735950716,Minnesota
3311,2170 Northdale Blvd NW,Coon Rapids,MN,55433,(763) 754-0192,mn/coon-rapids/2170-northdale-blvd-nw,45.182333052815736,-93.32093257177563,Minnesota
324,3455 River Rapids Dr NW,Coon Rapids,MN,55448,(763) 421-3455,mn/coon-rapids/3455-river-rapids-dr-nw,45.198786066546916,-93.3549131313008,Minnesota
1739,2075 Cliff Road,Eagan,MN,55122,(952) 303-8884,mn/eagan/2075-cliff-road,44.7906093,-93.2118545,Minnesota
238,3324 Promenade Ave,Eagan,MN,55121,(651) 675-0755,mn/eagan/3324-promenade-ave,44.83597000810943,-93.15195867964303,Minnesota
551,1600 Warren St,Mankato,MN,56001,(507) 388-1222,mn/mankato/1600-warren-st,44.14616877602301,-93.9939361417533,Minnesota
895,1851 Madison Ave,Mankato,MN,56001,(507) 385-1883,mn/mankato/1851-madison-ave,44.16620198380459,-93.9513987582838,Minnesota
19,7750 Main St N,Maple Grove,MN,55369,(763) 494-5005,mn/maple-grove/7750-main-st-n,45.0956134904413,-93.44132373453022,Minnesota
1116,9881 Maple Grove Pkwy N,Maple Grove,MN,55369,(763) 420-5173,mn/maple-grove/9881-maple-grove-pkwy-n,45.133596677419376,-93.47686956717928,Minnesota
224,2303 White Bear Ave N,Maplewood,MN,55109,(651) 777-2155,mn/maplewood/2303-white-bear-ave-n,45.01042039443102,-93.02388670613561,Minnesota
1438,3095 White Bear Ave N,Maplewood,MN,55109,(651) 251-0306,mn/maplewood/3095-white-bear-ave-n,45.03555497118576,-93.01952871536162,Minnesota
263,1040 Nicollet Mall,Minneapolis,MN,55403,(612) 659-7955,mn/minneapolis/1040-nicollet-mall,44.9734868,-93.2753382,Minnesota
1571,200 S. Sixth St,Minneapolis,MN,55402,(612) 252-0050,mn/minneapolis/200-s-sixth-st,44.97710559999999,-93.26770169999999,Minnesota
251,225 E Hennepin Ave,Minneapolis,MN,55414,(612) 331-6330,mn/minneapolis/225-e-hennepin-ave,44.988032379031644,-93.25693291043342,Minnesota
268,229 Cedar Ave S,Minneapolis,MN,55454,(612) 659-7830,mn/minneapolis/229-cedar-ave-s,44.97304780000002,-93.24693342637195,Minnesota
365,2600 Hennepin Ave,Minneapolis,MN,55408,(612) 377-6035,mn/minneapolis/2600-hennepin-ave,44.95535180885392,-93.29721966067859,Minnesota
728,2701 39th Ave NE,Minneapolis,MN,55421,(612) 789-5000,mn/minneapolis/2701-39th-ave-ne,45.03888772710884,-93.21980091005157,Minnesota
30,3040 Excelsior Blvd,Minneapolis,MN,55416,(612) 922-6662,mn/minneapolis/3040-excelsior-blvd,44.94743701404998,-93.32130439571819,Minnesota
186,50 S 6th St,Minneapolis,MN,55402,(612) 333-0434,mn/minneapolis/50-s-6th-st,44.97840498243652,-93.27172585866505,Minnesota
21,800 Washington Ave SE,Minneapolis,MN,55414,(612) 378-7078,mn/minneapolis/800-washington-ave-se,44.9734364,-93.2268814,Minnesota
3495,10995 Red Circle Dr,Minnetonka,MN,55343,(763) 225-5667,mn/minnetonka/10995-red-circle-dr,44.89377503081042,-93.41965435598077,Minnesota
1172,12509 Wayzata Blvd,Minnetonka,MN,55305,(952) 252-4900,mn/minnetonka/12509-wayzata-blvd,44.96732682889949,-93.43800318077786,Minnesota
2051,4717 County Road 101,Minnetonka,MN,55345,(952) 351-9437,mn/minnetonka/4717-county-road-101,44.91804001122819,-93.50243177605478,Minnesota
1414,1830 E 66th St,Richfield,MN,55423,(612) 259-0034,mn/richfield/1830-e-66th-st,44.883958175187935,-93.24851559995909,Minnesota
594,7644 Lyndale Ave S,Richfield,MN,55423,(612) 866-0304,mn/richfield/7644-lyndale-ave-s,44.86401478975402,-93.2888755248307,Minnesota
649,1201 Broadway Ave S,Rochester,MN,55904,(507) 529-5484,mn/rochester/1201-broadway-ave-s,44.00607108500577,-92.46426724070474,Minnesota
557,3780 Marketplace Dr NW,Rochester,MN,55901,(507) 288-9171,mn/rochester/3780-marketplace-dr-nw,44.06274557866887,-92.50003943144443,Minnesota
3529,2720 Lincoln Dr,Roseville,MN,55113,(612) 260-1264,mn/roseville/2720-lincoln-dr,45.0231874,-93.1677619,Minnesota
1081,860 Rosedale Shopping Ctr,Roseville,MN,55113,(651) 633-2300,mn/roseville/860-rosedale-shopping-ctr,45.01258217,-93.17024667,Minnesota
4266,1708 Crossing Loop,Saint Cloud,MN,56303,(320) 640-0442,mn/saint-cloud/1708-crossing-loop,45.596389690343855,-94.19126257729816,Minnesota
1792,211 5th Ave S,Saint Cloud,MN,56301,(320) 203-4430,mn/saint-cloud/211-5th-ave-s,45.558650380540875,-94.15651311717932,Minnesota
28,3959 2nd St S,Saint Cloud,MN,56301,(320) 253-7014,mn/saint-cloud/3959-2nd-st-s,45.5513611825502,-94.20619579649066,Minnesota
25,2082 Ford Pkwy,Saint Paul,MN,55116,(651) 699-1000,mn/saint-paul/2082-ford-pkwy,44.917452409659624,-93.18851835399568,Minnesota
128,29 5th St W,Saint Paul,MN,55102,(651) 291-5411,mn/saint-paul/29-5th-st-w,44.94549036824666,-93.09537287177562,Minnesota
402,867 Grand Ave,Saint Paul,MN,55105,(651) 602-0560,mn/saint-paul/867-grand-ave,44.9402528,-93.1365664,Minnesota
,1120 Vierling Dr E,Shakopee,MN,55379,(651) 393-6437,mn/shakopee/1120-vierling-dr-e,44.78135869151565,-93.50820632325853,Minnesota
757,8094 Old Carriage Ct,Shakopee,MN,55379,(952) 403-6336,mn/shakopee/8094-old-carriage-ct,44.77628680504369,-93.41411240120601,Minnesota
234,7455 Currell Blvd,Woodbury,MN,55125,(651) 738-9366,mn/woodbury/7455-currell-blvd,44.92477037357633,-92.95514406989965,Minnesota
657,9965 Hudson Pl,Woodbury,MN,55125,(651) 739-1164,mn/woodbury/9965-hudson-pl,44.94449238345327,-92.90470320934179,Minnesota
1382,1115 NE Coronado Dr,Blue Springs,MO,64014,(816) 229-2690,mo/blue-springs/1115-ne-coronado-dr,39.02587500585196,-94.24831717129888,Missouri
4419,802 SW US-40,Blue Springs,MO,64015,(816) 867-3029,mo/blue-springs/802-sw-us-40,39.008915002092934,-94.27507023632542,Missouri
3339,2020 W Worley St,Columbia,MO,65203,(573) 446-2007,mo/columbia/2020-w-worley-st,38.96087537541959,-92.37042181916347,Missouri
1027,2540 Broadway Bluffs Dr,Columbia,MO,65201,(573) 875-0067,mo/columbia/2540-broadway-bluffs-dr,38.947429989485656,-92.30004811656761,Missouri
315,306 S 9th St,Columbia,MO,65201,(573) 875-6622,mo/columbia/306-s-9th-st,38.947973246961084,-92.32741249694158,Missouri
,13307 Manchester Rd,Des Peres,MO,63131,(314) 403-8001,mo/des-peres/13307-manchester-rd,38.6017579,-90.4667685,Missouri
2213,80 W County Ctr,Des Peres,MO,63131,(314) 677-2010,mo/des-peres/80-w-county-ctr,38.60085011687927,-90.44796264926919,Missouri
3217,10221 State Line Rd,Kansas City,MO,64114,(816) 942-3605,mo/kansas-city/10221-state-line-rd,38.9430995,-94.6076916,Missouri
776,13127 State Line Rd,Kansas City,MO,64145,(816) 942-6274,mo/kansas-city/13127-state-line-rd,38.88891618001511,-94.60734758526212,Missouri
859,1370 Walnut St,Kansas City,MO,64106,(816) 421-4342,mo/kansas-city/1370-walnut-st,39.09736788816193,-94.58247424545118,Missouri
16,1713 W 39th St,Kansas City,MO,64111,(816) 931-8006,mo/kansas-city/1713-w-39th-st,39.05705036322551,-94.60563780526371,Missouri
1493,203 NE Englewood Rd,Kansas City,MO,64118,(816) 423-5438,mo/kansas-city/203-ne-englewood-rd,39.1954328194602,-94.580277419722,Missouri
1620,4151 Sterling Ave,Kansas City,MO,64133,(816) 245-7324,mo/kansas-city/4151-sterling-ave,39.046575405376174,-94.44696198922588,Missouri
2612,4323 N Chouteau Trfy,Kansas City,MO,64117,(816) 459-9892,mo/kansas-city/4323-n-chouteau-trfy,39.173654410394704,-94.53564351579922,Missouri
648,4851 Main St,Kansas City,MO,64112,(816) 756-5158,mo/kansas-city/4851-main-st,39.03890503342797,-94.5868793414785,Missouri
51,501 W 75th St,Kansas City,MO,64114,(816) 822-8820,mo/kansas-city/501-w-75th-st,38.99232773284859,-94.59544315153789,Missouri
3197,6314 N Chatham Ave,Kansas City,MO,64151,(816) 584-0603,mo/kansas-city/6314-n-chatham-ave,39.20955724350455,-94.64581917508355,Missouri
335,8600 N Boardwalk Ave,Kansas City,MO,64154,(816) 746-0050,mo/kansas-city/8600-n-boardwalk-ave,39.25310048155231,-94.6539591794824,Missouri
736,8700 NE Flintlock Rd,Kansas City,MO,64157,(816) 415-2801,mo/kansas-city/8700-ne-flintlock-rd,39.24772721727236,-94.4659368380461,Missouri
3552,949 N 84th Ter,Kansas City,MO,64155,(816) 462-6031,mo/kansas-city/949-n-84th-ter,39.24755206010222,-94.59507987731553,Missouri
4098,1103 SW Oldham Pkwy,Lees Summit,MO,64081,(816) 282-9021,mo/lees-summit/1103-sw-oldham-pkwy,38.91206022527248,-94.39649884291164,Missouri
243,1716 NW Chipman Rd,Lees Summit,MO,64081,(816) 246-0505,mo/lees-summit/1716-nw-chipman-rd,38.928636019020175,-94.40902596841937,Missouri
1557,900 NE Columbus St,Lees Summit,MO,64086,(816) 246-0407,mo/lees-summit/900-ne-columbus-st,38.92130874163513,-94.35974360491082,Missouri
2356,1500 S Hanley Rd,Saint Louis,MO,63144,(314) 244-3188,mo/saint-louis/1500-s-hanley-rd,38.62637693884148,-90.33459454694156,Missouri
1941,212 S Grand Blvd,Saint Louis,MO,63103,(314) 342-9919,mo/saint-louis/212-s-grand-blvd,38.632619904860874,-90.2338558190317,Missouri
,3547 Hampton Ave,Saint Louis,MO,63139,(314) 669-0079,mo/saint-louis/3547-hampton-ave,38.59706944881647,-90.29308538293026,Missouri
,8650 Olive Blvd,Saint Louis,MO,63132,(314) 850-3089,mo/saint-louis/8650-olive-blvd,38.673796216546954,-90.35943756380634,Missouri
,9621 Manchester Rd,Saint Louis,MO,63119,(314) 641-4152,mo/saint-louis/9621-manchester-rd,38.60914977128953,-90.36692331773601,Missouri
1090,1211 E Saint Louis St,Springfield,MO,65802,(417) 831-2159,mo/springfield/1211-e-saint-louis-st,37.209742397006856,-93.27558197133624,Missouri
1050,3356 S Campbell Ave,Springfield,MO,65807,(417) 883-1944,mo/springfield/3356-s-campbell-ave,37.1530238444717,-93.29515943005947,Missouri
,1124 Shiloh Crossing Blvd,Billings,MT,59102,(406) 409-3272,mt/billings/1124-shiloh-crossing-blvd,45.74986,-108.616024,Montana
2490,1601 Grand Ave,Billings,MT,59102,(406) 245-1013,mt/billings/1601-grand-ave,45.784372589646175,-108.55686033673396,Montana
1651,1317 Q St,Lincoln,NE,68508,(402) 474-1133,ne/lincoln/1317-q-st,40.815612,-96.701898,Nebraska
673,2801 Pine Lake Rd,Lincoln,NE,68516,(402) 420-2801,ne/lincoln/2801-pine-lake-rd,40.73922355834436,-96.67944565367183,Nebraska
4276,4465 N 27th St,Lincoln,NE,68521,(531) 248-4839,ne/lincoln/4465-n-27th-st,40.856326720054405,-96.68271262734115,Nebraska
2006,6005 O St,Lincoln,NE,68510,(402) 327-2778,ne/lincoln/6005-o-st,40.81312457947535,-96.64012233289515,Nebraska
,7133 Pioneers Blvd,Lincoln,NE,68506,(402) 325-1340,ne/lincoln/7133-pioneers-blvd,40.76916101536569,-96.62235271718151,Nebraska
707,13203 W Center Rd,Omaha,NE,68144,(402) 697-4903,ne/omaha/13203-w-center-rd,41.23373805128039,-96.12035688773153,Nebraska
4474,14415 Stony Brook Blvd.,Omaha,NE,68137,(531) 999-7408,ne/omaha/14415-stony-brook-blvd,41.1969394,-96.1398354,Nebraska
,19005 Oakmont Drive,Omaha,NE,68136,(531) 325-0992,ne/omaha/19005-oakmont-drive,41.1476688,-96.21202459999999,Nebraska
612,201 S 72nd St,Omaha,NE,68114,(402) 391-9979,ne/omaha/201-s-72nd-st,41.25874198951391,-96.0231798394172,Nebraska
666,2717 S 177th St,Omaha,NE,68130,(402) 334-7006,ne/omaha/2717-s-177th-st,41.23366727482682,-96.19200785092619,Nebraska
3416,333 N Saddle Creek Rd,Omaha,NE,68131,(531) 215-0726,ne/omaha/333-n-saddle-creek-rd,41.26286069642096,-95.98008674603273,Nebraska
450,3605 N 147th St,Omaha,NE,68116,(402) 498-3633,ne/omaha/3605-n-147th-st,41.291726457763936,-96.14288789719996,Nebraska
3335,808 N 102nd St,Omaha,NE,68114,(402) 403-3177,ne/omaha/808-n-102nd-st,41.2670383132182,-96.07243192189857,Nebraska
366,10251 S Eastern Ave,Henderson,NV,89052,(702) 361-6438,nv/henderson/10251-s-eastern-ave,36.00341317747646,-115.1103807091285,Nevada
320,1311 W Sunset Rd,Henderson,NV,89014,(702) 436-7740,nv/henderson/1311-w-sunset-rd,36.06314948994731,-115.04344936735254,Nevada
3392,246 E Lake Mead Pkwy,Henderson,NV,89015,(702) 430-8880,nv/henderson/246-e-lake-mead-pkwy,36.0428647,-114.977506,Nevada
3611,3588 Saint Rose Pkwy,Henderson,NV,89052,(702) 628-9820,nv/henderson/3588-saint-rose-pkwy,35.98579164322418,-115.14541200883183,Nevada
3494,9210 S Eastern Ave,Henderson,NV,89074,(702) 289-4297,nv/henderson/9210-s-eastern-ave,36.022135487504805,-115.11813421178853,Nevada
2197,111 N Nellis Blvd,Las Vegas,NV,89110,(702) 448-8102,nv/las-vegas/111-n-nellis-blvd,36.16200606902769,-115.06262043867514,Nevada
3636,1910 Village Center Cir,Las Vegas,NV,89134,(725) 206-6474,nv/las-vegas/1910-village-center-cir,36.19316821572583,-115.30409882793518,Nevada
1285,2540 S Decatur Blvd,Las Vegas,NV,89102,(702) 252-4013,nv/las-vegas/2540-s-decatur-blvd,36.143915773099515,-115.20625511122074,Nevada
1623,3200 Las Vegas Blvd S,Las Vegas,NV,89109,(702) 534-5503,nv/las-vegas/3200-las-vegas-blvd-s,36.12734482280634,-115.1731010934927,Nevada
2240,3377 Las Vegas Blvd S,Las Vegas,NV,89109,(702) 699-5499,nv/las-vegas/3377-las-vegas-blvd-s,36.121453,-115.168674,Nevada
328,3475 Las Vegas Blvd S,Las Vegas,NV,89109,(702) 836-0804,nv/las-vegas/3475-las-vegas-blvd-s,36.12008962854767,-115.17176588530174,Nevada
2431,365 Hughes Center Dr,Las Vegas,NV,89169,(702) 369-0502,nv/las-vegas/365-hughes-center-dr,36.11492954689889,-115.15529006270822,Nevada
2345,3663 Las Vegas Blvd,Las Vegas,NV,89109,(702) 448-8559,nv/las-vegas/3663-las-vegas-blvd,36.1091641,-115.1711529,Nevada
2402,3815 Blue Diamond Rd,Las Vegas,NV,89139,(702) 385-0928,nv/las-vegas/3815-blue-diamond-rd,36.03965691397118,-115.1906871987419,Nevada
,4332 W Cactus Ave,Las Vegas,NV,89141,(775) 383-2921,nv/las-vegas/4332-w-cactus-ave,35.99914651384266,-115.197248072999,Nevada
363,4530 S Maryland Pkwy,Las Vegas,NV,89119,(702) 436-9177,nv/las-vegas/4530-s-maryland-pkwy,36.1070810738577,-115.13697819506558,Nevada
2307,4916 S Fort Apache Rd,Las Vegas,NV,89148,(702) 448-8430,nv/las-vegas/4916-s-fort-apache-rd,36.09914194459587,-115.29667131152581,Nevada
2218,5715 S Eastern Ave,Las Vegas,NV,89119,(702) 507-2368,nv/las-vegas/5715-s-eastern-ave,36.08543691327497,-115.119505865279,Nevada
2393,6211 N Decatur Blvd,Las Vegas,NV,89130,(702) 395-2629,nv/las-vegas/6211-n-decatur-blvd,36.27181792226307,-115.20701782822437,Nevada
963,7170 N Durango Dr,Las Vegas,NV,89149,(702) 656-9885,nv/las-vegas/7170-n-durango-dr,36.2913620294958,-115.28746930181148,Nevada
718,7175 W Lake Mead Blvd,Las Vegas,NV,89128,(702) 233-3199,nv/las-vegas/7175-w-lake-mead-blvd,36.195280428120064,-115.24820182514858,Nevada
1138,7340 Arroyo Crossing Pkwy,Las Vegas,NV,89113,(702) 361-0203,nv/las-vegas/7340-arroyo-crossing-pkwy,36.063655252133685,-115.25204687032044,Nevada
407,7370 Las Vegas Blvd S,Las Vegas,NV,89123,(702) 270-1973,nv/las-vegas/7370-las-vegas-blvd-s,36.05606714377429,-115.17157670748952,Nevada
3421,8620 W Sunset Rd,Las Vegas,NV,89148,(725) 257-1477,nv/las-vegas/8620-w-sunset-rd,36.070901,-115.2800262,Nevada
2584,875 S Grand Central Pkwy,Las Vegas,NV,89106,(702) 384-0107,nv/las-vegas/875-s-grand-central-pkwy,36.163203071347915,-115.15882808591493,Nevada
1207,9240 W Sahara Ave,Las Vegas,NV,89117,(702) 243-0226,nv/las-vegas/9240-w-sahara-ave,36.14478527875303,-115.29739288011149,Nevada
3953,1920 W Craig Rd,North Las Vegas,NV,89032,(702) 430-7428,nv/north-las-vegas/1920-w-craig-rd,36.24017614087913,-115.16821274532678,Nevada
2883,2023 E Lake Mead Blvd,North Las Vegas,NV,89030,(702) 649-4024,nv/north-las-vegas/2023-e-lake-mead-blvd,36.19546013347635,-115.11904483741705,Nevada
1118,2546 E Craig Rd,North Las Vegas,NV,89030,(702) 633-4463,nv/north-las-vegas/2546-e-craig-rd,36.24023019504843,-115.1159511817998,Nevada
2812,5144 Mae Anne Ave,Reno,NV,89523,(775) 624-6203,nv/reno/5144-mae-anne-ave,39.53230683217546,-119.86537968220898,Nevada
3122,537 S Meadows Pkwy,Reno,NV,89521,(775) 851-1476,nv/reno/537-s-meadows-pkwy,39.438720854151285,-119.76120263558198,Nevada
2146,6395 S McCarran Blvd,Reno,NV,89509,(775) 825-3862,nv/reno/6395-s-mccarran-blvd,39.4774686076598,-119.79316186352526,Nevada
,925 W 5th St,Reno,NV,89503,(775) 636-7647,nv/reno/925-w-5th-st,39.529575571668275,-119.82887443595288,Nevada
1373,225 Daniel Webster Hwy,Nashua,NH,03060,(603) 888-0889,nh/nashua/225-daniel-webster-hwy,42.758938,-71.4647635,New Hampshire
1737,356 Amherst St,Nashua,NH,03063,(603) 594-9163,nh/nashua/356-amherst-st,42.78285072690204,-71.50485844778086,New Hampshire
3291,3 Marlton Pike E,Cherry Hill,NJ,08034,(856) 281-2426,nj/cherry-hill/3-marlton-pike-e,39.91331649004983,-75.00960617613829,New Jersey
1407,818 Haddonfield Rd,Cherry Hill,NJ,08002,(856) 661-1761,nj/cherry-hill/818-haddonfield-rd,39.92744046583082,-75.03187636410951,New Jersey
1305,55 Parsonage Rd,Edison,NJ,08837,(732) 395-2151,nj/edison/55-parsonage-rd,40.547948,-74.335887,New Jersey
3369,901 US-1,Edison,NJ,08817,(732) 218-9455,nj/edison/901-us-1,40.515912,-74.373857,New Jersey
3297,26 Journal Square,Jersey City,NJ,07306,(201) 918-3867,nj/jersey-city/26-journal-square,40.73064277845666,-74.06365639345756,New Jersey
,30 Montgomery St,Jersey City,NJ,07302,(201) 984-5483,nj/jersey-city/30-montgomery-st,40.71683976005558,-74.03513250329434,New Jersey
2627,525 Washington Blvd,Jersey City,NJ,07310,(201) 222-3767,nj/jersey-city/525-washington-blvd,40.72682801622942,-74.03527473699502,New Jersey
1319,500 Route 73 S,Marlton,NJ,08053,(856) 797-1569,nj/marlton/500-route-73-s,39.87759922017424,-74.91933649157498,New Jersey
3107,882 Route 73 N,Marlton,NJ,08053,(856) 983-5392,nj/marlton/882-route-73-n,39.906240711434215,-74.93637525964775,New Jersey
2863,1711 State Route 10,Morris Plains,NJ,07950,(973) 292-0621,nj/morris-plains/1711-state-route-10-2863,40.84501456616101,-74.46741316074258,New Jersey
2864,1711 State Route 10,Morris Plains,NJ,07950,(973) 292-0621,nj/morris-plains/1711-state-route-10-2864,40.84361884787375,-74.46606533248882,New Jersey
1823,1 Garden State Plz,Paramus,NJ,07652,(201) 561-0193,nj/paramus/1-garden-state-plz,40.917588,-74.076404,New Jersey
3470,545 Route 17 South,Paramus,NJ,07652,(201) 345-1467,nj/paramus/545-route-17-south,40.957659,-74.075736,New Jersey
1062,81 E State Rt 4,Paramus,NJ,07652,(201) 556-0180,nj/paramus/81-e-state-rt-4,40.91928992368564,-74.06484148954303,New Jersey
1275,101 US Highway 22,Springfield,NJ,07081,(973) 376-0152,nj/springfield/101-us-highway-22,40.68712190887396,-74.31576966152869,New Jersey
3052,697 Morris Tpke,Springfield,NJ,07081,(973) 376-0312,nj/springfield/697-morris-tpke,40.718627317094025,-74.32950032270185,New Jersey
1999,1258 Hooper Ave,Toms River,NJ,08753,(848) 480-0645,nj/toms-river/1258-hooper-ave,39.98432404458657,-74.18058696073058,New Jersey
,465 East Route 37,Toms River,NJ,08753,(848) 317-8116,nj/toms-river/465-east-route-37,39.954144,-74.163397,New Jersey
,1000 Juan Tabo Blvd NE,Albuquerque,NM,87112,(505) 407-4437,nm/albuquerque/1000-juan-tabo-blvd-ne,35.0886542938445,-106.51475243871828,New Mexico
2952,2608 Central Ave SE,Albuquerque,NM,87106,(505) 232-3550,nm/albuquerque/2608-central-ave-se,35.08057225150501,-106.61686568344976,New Mexico
1919,3400 NM 528 NW,Albuquerque,NM,87114,(505) 948-5005,nm/albuquerque/3400-nm-528-nw,35.20453601127593,-106.64993794748959,New Mexico
2920,3600 Coors Blvd NW,Albuquerque,NM,87120,(505) 836-6865,nm/albuquerque/3600-coors-blvd-nw,35.12325776410524,-106.70128921106243,New Mexico
3597,4331 San Mateo Blvd NE,Albuquerque,NM,87110,(505) 903-7584,nm/albuquerque/4331-san-mateo-blvd-ne,35.1306238,-106.5868001,New Mexico
1714,6810 Menaul Blvd NE,Albuquerque,NM,87110,(505) 884-1716,nm/albuquerque/6810-menaul-blvd-ne,35.108862408960974,-106.56852223313524,New Mexico
1698,8120 San Pedro Dr NE,Albuquerque,NM,87113,(505) 814-2880,nm/albuquerque/8120-san-pedro-dr-ne,35.17493880920162,-106.57497128587914,New Mexico
1391,105 Wolf Road,Albany,NY,12205,(518) 438-7590,ny/albany/105-wolf-road,42.716029,-73.809998,New York
1496,1475 Western Ave,Albany,NY,12203,(518) 459-1025,ny/albany/1475-western-ave,42.682911,-73.838426,New York
3405,17 New Scotland Ave,Albany,NY,12208,(518) 312-4591,ny/albany/17-new-scotland-ave,42.65406492499673,-73.77337737303331,New York
1356,1643 Niagara Falls Blvd,Amherst,NY,14228,(716) 836-1039,ny/amherst/1643-niagara-falls-blvd,42.99971951131972,-78.81943605336176,New York
4182,3030 Niagara Blvd,Amherst,NY,14228,(716) 766-1388,ny/amherst/3030-niagara-blvd,43.037138,-78.823923,New York
3591,2206 31st St,Astoria,NY,11105,(347) 242-5876,ny/astoria/2206-31st-st,40.7759687,-73.9112081,New York
3312,3173 Steinway St,Astoria,NY,11103,(347) 448-5619,ny/astoria/3173-steinway-st,40.759375321257075,-73.91829492713275,New York
4065,1030 Southern Blvd,Bronx,NY,10459,(347) 758-4163,ny/bronx/1030-southern-blvd,40.823835901425355,-73.89157356799967,New York
,1776 Eastchester Rd,Bronx,NY,10461,(347) 899-2876,ny/bronx/1776-eastchester-rd,40.8494193,-73.8429704,New York
4066,190 W 231st St,Bronx,NY,10463,(347) 334-6669,ny/bronx/190-w-231st-st,40.87854394663304,-73.90441531378225,New York
2309,193 W 237th St,Bronx,NY,10463,(718) 601-6022,ny/bronx/193-w-237th-st,40.88456619551229,-73.9004737612446,New York
2659,2122 Bartow Avenue,Bronx,NY,10475,(347) 899-8442,ny/bronx/2122-bartow-avenue,40.868854,-73.82627,New York
3706,2190 White Plains Rd,Bronx,NY,10462,(347) 281-7963,ny/bronx/2190-white-plains-rd,40.85622942202093,-73.86727568648706,New York
,22 E 170th St,Bronx,NY,10452,(718) 710-4044,ny/bronx/22-e-170th-st,40.839760407516174,-73.91723425737396,New York
2838,260 E 161st St,Bronx,NY,10451,(718) 665-5238,ny/bronx/260-e-161st-st,40.825640489738014,-73.91934789773708,New York
,2902 3rd Ave,Bronx,NY,10455,(718) 710-4059,ny/bronx/2902-3rd-ave,40.816959551035815,-73.91592948313543,New York
3426,35 Westchester Square,Bronx,NY,10461,(347) 281-7158,ny/bronx/35-westchester-square,40.84142107526162,-73.84374093606944,New York
3977,350 E Fordham Rd,Bronx,NY,10458,(929) 577-5915,ny/bronx/350-e-fordham-rd,40.861632125677936,-73.89332304641943,New York
2190,4760 3rd Ave,Bronx,NY,10458,(718) 220-1276,ny/bronx/4760-3rd-ave,40.8603549,-73.8905947,New York
,557 Grand Concourse,Bronx,NY,10451,(315) 710-3188,ny/bronx/557-grand-concourse,40.81907445524702,-73.927394644792,New York
3055,67 E 161st St,Bronx,NY,10451,,ny/bronx/67-e-161st-st,40.82802,-73.9251551,New York
2540,815 Hutchinson River Pkwy,Bronx,NY,10465,(718) 822-1696,ny/bronx/815-hutchinson-river-pkwy,40.8238178,-73.8382011,New York
2090,1 Metrotech Center,Brooklyn,NY,11201,(917) 246-4060,ny/brooklyn/1-metrotech-center,40.69359154930046,-73.98638792038685,New York
,1004 Flatbush Ave,Brooklyn,NY,11226,(332) 266-4533,ny/brooklyn/1004-flatbush-ave,40.646788263238726,-73.95831546684742,New York
4496,1190 Fulton St,Brooklyn,NY,11216,(929) 567-2103,ny/brooklyn/1190-fulton-st,40.68046744757211,-73.95306690368747,New York
2895,130 N 4th St,Brooklyn,NY,11249,(718) 384-1785,ny/brooklyn/130-n-4th-st,40.71662536264234,-73.96054437301638,New York
2407,1325 Kings Hwy,Brooklyn,NY,11229,(718) 339-2197,ny/brooklyn/1325-kings-hwy,40.60849875894529,-73.95935606440071,New York
1915,140 Court St,Brooklyn,NY,11201,(718) 852-1852,ny/brooklyn/140-court-st,40.689225330982595,-73.99282464723876,New York
2254,185 7th Ave,Brooklyn,NY,11215,(347) 725-4450,ny/brooklyn/185-7th-ave,40.671179764865585,-73.97771265549562,New York
561,185 Montague St,Brooklyn,NY,11201,(718) 243-9109,ny/brooklyn/185-montague-st,40.694349307551605,-73.99183062392524,New York
4497,1940 Linden Blvd,Brooklyn,NY,11207,(929) 567-0909,ny/brooklyn/1940-linden-blvd,40.658490861035055,-73.8898936239252,New York
,2076 86th St,Brooklyn,NY,11214,(347) 394-5095,ny/brooklyn/2076-86th-st,40.60330444309662,-73.99658210230571,New York
2766,2166 Nostrand Ave,Brooklyn,NY,11210,(718) 434-2315,ny/brooklyn/2166-nostrand-ave,40.63199766322616,-73.9478176689671,New York
3265,2179 Ralph Ave,Brooklyn,NY,11234,(718) 251-3806,ny/brooklyn/2179-ralph-ave,40.62640516930416,-73.91697560324246,New York
,250 Utica Ave,Brooklyn,NY,11213,(718) 942-5275,ny/brooklyn/250-utica-ave,40.66999511055916,-73.93141058422312,New York
2570,2940 Cropsey Ave,Brooklyn,NY,11214,(718) 266-0380,ny/brooklyn/2940-cropsey-ave,40.583302456298604,-73.9867754624425,New York
2879,347 Flatbush Ave,Brooklyn,NY,11238,(718) 230-3102,ny/brooklyn/347-flatbush-ave,40.677225058676,-73.97219397217282,New York
2484,394 Myrtle Ave,Brooklyn,NY,11205,(718) 855-3517,ny/brooklyn/394-myrtle-ave,40.69297354410361,-73.97015802749729,New York
3741,4101 4th Ave,Brooklyn,NY,11232,(718) 208-4207,ny/brooklyn/4101-4th-ave,40.651227159779495,-74.00713741502018,New York
2253,463 86th St,Brooklyn,NY,11209,(718) 833-0534,ny/brooklyn/463-86th-st,40.6220428335957,-74.02667151532688,New York
3309,474 Fulton St,Brooklyn,NY,11201,(718) 852-0617,ny/brooklyn/474-fulton-st,40.68989924863352,-73.98394686128724,New York
2211,5102 Avenue U,Brooklyn,NY,11234,(347) 549-4079,ny/brooklyn/5102-avenue-u,40.610484,-73.918934,New York
,6502 18th Ave,Brooklyn,NY,11204,(347) 325-9464,ny/brooklyn/6502-18th-ave,40.61910617282838,-73.99061644043785,New York
3233,774 Broadway,Brooklyn,NY,11206,(718) 387-2409,ny/brooklyn/774-broadway,40.7000298264766,-73.94096754550367,New York
,2236 Delaware Ave,Buffalo,NY,14216,(716) 374-6060,ny/buffalo/2236-delaware-ave,42.944869729540585,-78.86870359747586,New York
1668,4405 Milestrip Rd,Buffalo,NY,14219,(716) 824-0394,ny/buffalo/4405-milestrip-rd,42.78887372505396,-78.81493464479198,New York
1227,1090 The Arches Cir,Deer Park,NY,11729,(631) 586-0301,ny/deer-park/1090-the-arches-cir,40.76468087176469,-73.30652234482669,New York
,1831 Deer Park Ave,Deer Park,NY,11729,(631) 906-7033,ny/deer-park/1831-deer-park-ave,40.75879043742749,-73.32771587460124,New York
3056,40-37 82nd St,Elmhurst,NY,11373,(347) 448-3195,ny/elmhurst/40-37-82nd-st,40.746593,-73.8835323,New York
3478,8801 Queens Blvd,Elmhurst,NY,11373,(347) 448-4881,ny/elmhurst/8801-queens-blvd,40.73529923550521,-73.87455634784126,New York
1961,9015 Queens Blvd,Elmhurst,NY,11373,(347) 396-3452,ny/elmhurst/9015-queens-blvd,40.73440613146986,-73.86992516625308,New York
2765,387 Smithtown Byp,Hauppauge,NY,11788,(631) 265-1318,ny/hauppauge/387-smithtown-byp,40.828079927024866,-73.2013814284752,New York
1634,694 Motor Pkwy,Hauppauge,NY,11788,(631) 355-7073,ny/hauppauge/694-motor-pkwy,40.807214961172946,-73.2377545370132,New York
,14740 Archer Ave,Jamaica,NY,11435,(718) 521-4225,ny/jamaica/14740-archer-ave,40.70052545893504,-73.80740784845928,New York
3020,16002 Jamaica Ave,Jamaica,NY,11432,(718) 658-4609,ny/jamaica/16002-jamaica-ave,40.703575436580955,-73.79886941707173,New York
2291,1 New York Plz,New York,NY,10004,(646) 882-3252,ny/new-york/1-new-york-plz,40.7025024,-74.0115413,New York
950,100 Maiden Ln,New York,NY,10038,(212) 742-2690,ny/new-york/100-maiden-ln,40.706796206010466,-74.00703710455826,New York
2135,1020 3rd Ave,New York,NY,10065,(646) 213-9692,ny/new-york/1020-3rd-ave,40.762630101999704,-73.96614269900823,New York
1341,111 Fulton St,New York,NY,10038,(212) 964-0435,ny/new-york/111-fulton-st,40.70975353435097,-74.006442636788,New York
1394,1153 Third Avenue,New York,NY,10065,(917) 475-9280,ny/new-york/1153-third-avenue,40.76663836273142,-73.9625337144007,New York
1359,117 E 14th St,New York,NY,10003,(212) 260-0641,ny/new-york/117-e-14th-st,40.73421976209579,-73.98882427560812,New York
1237,125 E 23rd St,New York,NY,10010,(212) 673-6904,ny/new-york/125-e-23rd-st,40.73995404838195,-73.98508323313521,New York
1766,1288 1st Ave,New York,NY,10021,(646) 213-9431,ny/new-york/1288-1st-ave,40.765986622496065,-73.95704657423971,New York
769,129 W. 48th St.,New York,NY,10020,(212) 575-8424,ny/new-york/129-w-48th-st,40.759429,-73.982606,New York
1531,1379 Avenue Of The Americas,New York,NY,10019,(646) 998-2329,ny/new-york/1379-avenue-of-the-americas,40.76370412992602,-73.97796827695237,New York
1277,149 8th Ave,New York,NY,10011,(212) 620-4015,ny/new-york/149-8th-ave,40.74205883696816,-74.00121809449479,New York
1486,1497 3rd Ave,New York,NY,10028,(646) 998-8241,ny/new-york/1497-3rd-ave,40.777706235645894,-73.95446382820705,New York
436,150 E 44th St,New York,NY,10017,(212) 682-9860,ny/new-york/150-e-44th-st,40.75217021278373,-73.97406615809359,New York
491,150 E 52nd St,New York,NY,10022,(212) 755-9754,ny/new-york/150-e-52nd-st,40.757417,-73.9709456,New York
4180,165-167 East 116th Street,New York,NY,10029,(332) 258-8948,ny/new-york/165-167-east-116th-street,40.798560491389146,-73.94075206441771,New York
476,2 Broadway,New York,NY,10004,(212) 344-0941,ny/new-york/2-broadway,40.70429678237923,-74.01295797314185,New York
642,200 Varick St,New York,NY,10014,(646) 336-6264,ny/new-york/200-varick-st,40.72825041984641,-74.00512257980787,New York
1928,2298 Broadway,New York,NY,10024,(646) 412-6237,ny/new-york/2298-broadway,40.7862055,-73.9778816,New York
1962,234 5th Ave,New York,NY,10001,(212) 532-0372,ny/new-york/234-5th-ave,40.744273380616356,-73.98787091947895,New York
1435,235 W 56th Street,New York,NY,10019,(646) 626-6520,ny/new-york/235-w-56th-street,40.76606365605216,-73.9828994245716,New York
1178,25 W 45th St,New York,NY,10036,(212) 391-2081,ny/new-york/25-w-45th-st,40.7561264,-73.9808141,New York
,2575 Broadway,New York,NY,10025,(646) 349-6524,ny/new-york/2575-broadway,40.795380521336966,-73.97172891350918,New York
1122,269 Amsterdam Ave,New York,NY,10023,(212) 580-6058,ny/new-york/269-amsterdam-ave,40.77883406827038,-73.98122333060763,New York
1255,274 Madison Avenue,New York,NY,10016,(212) 689-1245,ny/new-york/274-madison-avenue,40.751359871715216,-73.98072137240467,New York
1879,275 Greenwich Street,New York,NY,10007,(646) 412-3981,ny/new-york/275-greenwich-street,40.715042948179274,-74.01102995947537,New York
2123,28 W 40th St,New York,NY,10018,(212) 302-0650,ny/new-york/28-w-40th-st,40.75271199668667,-73.98330394375267,New York
1630,281 Broadway,New York,NY,10007,(212) 385-3506,ny/new-york/281-broadway,40.714606606499316,-74.00633473282073,New York
643,283 7th Ave,New York,NY,10001,(212) 645-6270,ny/new-york/283-7th-ave,40.74605832685789,-73.99397005663093,New York
921,2843 Broadway,New York,NY,10025,(212) 222-1712,ny/new-york/2843-broadway,40.804515,-73.9668,New York
2476,286 1st Ave,New York,NY,10009,(212) 228-1915,ny/new-york/286-1st-ave,40.732951534586995,-73.9809075492692,New York
482,304 W 34th St,New York,NY,10001,(212) 268-4197,ny/new-york/304-w-34th-st,40.75232405090476,-73.99432821191562,New York
1126,320 Park Ave,New York,NY,10022,(212) 754-3098,ny/new-york/320-park-ave,40.75760253824012,-73.97421427618086,New York
1836,325 S End Ave,New York,NY,10280,(212) 267-3818,ny/new-york/325-s-end-ave,40.71070271157653,-74.01636963147331,New York
4200,3410 Broadway,New York,NY,10031,(332) 237-2250,ny/new-york/3410-broadway,40.82222295539154,-73.95313458602827,New York
,350 5th Ave,New York,NY,10118,(646) 755-3479,ny/new-york/350-5th-ave,40.7482436,-73.9851073,New York
3562,3781 Broadway,New York,NY,10032,(646) 593-8402,ny/new-york/3781-broadway,40.83433748458469,-73.94510973520146,New York
1968,4009 Broadway,New York,NY,10032,(646) 412-5429,ny/new-york/4009-broadway,40.84150081441521,-73.93987634995904,New York
2704,404 Broadway,New York,NY,10013,(212) 226-2172,ny/new-york/404-broadway,40.7187624898711,-74.00211321513677,New York
1631,405 Avenue Of The Americas,New York,NY,10014,(917) 243-6043,ny/new-york/405-avenue-of-the-americas,40.733605502959676,-73.99992574909118,New York
,4240 Broadway,New York,NY,10033,(332) 230-1158,ny/new-york/4240-broadway,40.849547919471,-73.93607441507781,New York
949,464 Park Ave S,New York,NY,10016,(212) 689-0305,ny/new-york/464-park-ave-s,40.745464745574424,-73.98286627645552,New York
1321,501 Fashion Ave,New York,NY,10018,(212) 840-0486,ny/new-york/501-fashion-ave,40.75314434790426,-73.98880119800623,New York
2168,504 Avenue Of The Americas,New York,NY,10011,(646) 213-9609,ny/new-york/504-avenue-of-the-americas,40.73646516026128,-73.99717597362803,New York
590,55 E 8th St,New York,NY,10003,(212) 982-3081,ny/new-york/55-e-8th-st,40.73116193439805,-73.99343677636887,New York
2964,601 8th Ave,New York,NY,10018,(646) 490-4337,ny/new-york/601-8th-ave,40.755651869885405,-73.99124533095136,New York
1829,604 2nd Ave,New York,NY,10016,(917) 289-7052,ny/new-york/604-2nd-ave,40.74414352828854,-73.975871745998,New York
681,620 9th Ave,New York,NY,10036,(212) 247-3275,ny/new-york/620-9th-ave,40.75953101365556,-73.99154200515807,New York
1549,625 Broadway,New York,NY,10012,(646) 998-9464,ny/new-york/625-broadway,40.72609068987567,-73.9965334019351,New York
481,680 Avenue Of The Americas,New York,NY,10010,(212) 206-3781,ny/new-york/680-avenue-of-the-americas,40.74175806350017,-73.99337033804608,New York
1597,71 Spring St,New York,NY,10012,(646) 937-5202,ny/new-york/71-spring-st,40.72266954097826,-73.99752313988114,New York
3216,72 W 125th St,New York,NY,10027,(212) 722-0746,ny/new-york/72-w-125th-st,40.80730281159196,-73.94503558639009,New York
2602,805 Columbus Ave,New York,NY,10025,(212) 222-7389,ny/new-york/805-columbus-ave,40.7949232,-73.9657893,New York
797,854 8th Ave,New York,NY,10019,(212) 757-4312,ny/new-york/854-8th-ave,40.76307842113037,-73.98529387177564,New York
854,864 Broadway,New York,NY,10003,(212) 253-7860,ny/new-york/864-broadway,40.73734936126344,-73.99003272408231,New York
3544,885 10th Ave,New York,NY,10019,(917) 338-4646,ny/new-york/885-10th-ave,40.76975,-73.988481,New York
632,9 W 42nd St,New York,NY,10036,(212) 354-6760,ny/new-york/9-w-42nd-st,40.75398181030597,-73.98157357729815,New York
2375,906 3rd Ave,New York,NY,10022,(212) 371-8462,ny/new-york/906-3rd-ave,40.75895732076281,-73.96879640708482,New York
1376,1360 Mount Hope Ave,Rochester,NY,14620,(585) 473-3611,ny/rochester/1360-mount-hope-ave,43.12342824619089,-77.61781148528479,New York
2326,1495 E Ridge Rd,Rochester,NY,14621,(585) 544-2346,ny/rochester/1495-e-ridge-rd,43.19860391250725,-77.57752606803732,New York
1733,1847 W Ridge Rd,Rochester,NY,14615,(585) 453-0166,ny/rochester/1847-w-ridge-rd,43.20648419665562,-77.67839131595593,New York
,2735 Monroe Ave,Rochester,NY,14618,(585) 551-2279,ny/rochester/2735-monroe-ave,43.11253341335919,-77.55049630053934,New York
1526,3349 Monroe Ave,Rochester,NY,14618,(585) 348-2353,ny/rochester/3349-monroe-ave,43.101105555207305,-77.53879371576606,New York
1313,640 Jefferson Rd,Rochester,NY,14623,(585) 424-1444,ny/rochester/640-jefferson-rd,43.08758187921192,-77.62540809862901,New York
2308,2602 Hylan Blvd,Staten Island,NY,10306,(718) 980-1742,ny/staten-island/2602-hylan-blvd,40.56789769009645,-74.11147005278593,New York
2918,2655 Richmond Ave,Staten Island,NY,10314,(718) 210-4606,ny/staten-island/2655-richmond-ave,40.58161927353288,-74.16774903515122,New York
1562,129 Marshall St,Syracuse,NY,13210,(315) 422-1904,ny/syracuse/129-marshall-st,43.04183357368376,-76.1358542285704,New York
1432,3496 Erie Blvd East,Syracuse,NY,13214,(315) 446-3530,ny/syracuse/3496-erie-blvd-east,43.04287582023014,-76.06849200867674,New York
2689,3600 W Genesee St,Syracuse,NY,13219,(315) 468-1781,ny/syracuse/3600-w-genesee-st,43.0477861,-76.2372807,New York
,1838 Empire Blvd,Webster,NY,14580,(585) 670-6003,ny/webster/1838-empire-blvd,43.18880737335857,-77.50400452085724,New York
2436,927 Holt Rd,Webster,NY,14580,(585) 872-1431,ny/webster/927-holt-rd,43.21366991610192,-77.45148483894381,New York
1574,250 Main St,White Plains,NY,10601,(914) 948-4826,ny/white-plains/250-main-st,41.03322728175122,-73.76439368956665,New York
3063,405 Tarrytown Rd,White Plains,NY,10607,(914) 948-5203,ny/white-plains/405-tarrytown-rd,41.042561907320284,-73.79951513657988,New York
,5712 Main St,Williamsville,NY,14221,(716) 568-7199,ny/williamsville/5712-main-st,42.96399696279257,-78.74057124173355,New York
1475,8020 Transit Rd,Williamsville,NY,14221,(716) 529-0918,ny/williamsville/8020-transit-rd,42.985652800521976,-78.69768983924587,New York
2303,1828 Hendersonville Rd,Asheville,NC,28803,(828) 274-6370,nc/asheville/1828-hendersonville-rd,35.50460805434085,-82.52393028921949,North Carolina
,879 Brevard Rd,Asheville,NC,28806,(828) 920-0052,nc/asheville/879-brevard-rd,35.52877005096521,-82.60772516144841,North Carolina
3036,946 Patton Ave,Asheville,NC,28806,(828) 253-0731,nc/asheville/946-patton-ave,35.58670171648204,-82.58731484700115,North Carolina
1087,100 Wrenn Dr,Cary,NC,27511,(919) 462-1223,nc/cary/100-wrenn-dr,35.765227387552876,-78.7838989739252,North Carolina
2485,204 Crossroads Blvd,Cary,NC,27518,(919) 233-8242,nc/cary/204-crossroads-blvd,35.760478486087656,-78.7409962825235,North Carolina
3004,1490 Fordham Blvd,Chapel Hill,NC,27514,(919) 929-9324,nc/chapel-hill/1490-fordham-blvd,35.93619844509945,-79.0239903208494,North Carolina
809,301 W Franklin St,Chapel Hill,NC,27516,(919) 942-2091,nc/chapel-hill/301-w-franklin-st,35.91137932606221,-79.0595824036875,North Carolina
2751,11619 Waverly Center Dr,Charlotte,NC,28277,(704) 849-2583,nc/charlotte/11619-waverly-center-dr,35.0525332,-80.76839939999999,North Carolina
857,2109 South Blvd,Charlotte,NC,28203,(704) 332-2311,nc/charlotte/2109-south-blvd,35.20742897193388,-80.86027474058193,North Carolina
3095,2312 Whitehall Park Dr,Charlotte,NC,28273,(704) 504-0373,nc/charlotte/2312-whitehall-park-dr,35.139218993775444,-80.93550541047352,North Carolina
1584,239 S Kings Dr,Charlotte,NC,28204,(704) 612-5985,nc/charlotte/239-s-kings-dr,35.2137165841431,-80.83348883563788,North Carolina
991,2921 Providence Rd,Charlotte,NC,28211,(704) 366-7280,nc/charlotte/2921-providence-rd,35.17093136195462,-80.80742760859835,North Carolina
3453,316 S Tryon St,Charlotte,NC,28202,(980) 209-1145,nc/charlotte/316-s-tryon-st,35.22541354544549,-80.84608942084942,North Carolina
3138,3320 Potomac River Pkwy,Charlotte,NC,28217,(704) 559-8916,nc/charlotte/3320-potomac-river-pkwy,35.18149926057364,-80.91559672156524,North Carolina
,4022 Connection Point Blvd,Charlotte,NC,28212,(980) 316-7564,nc/charlotte/4022-connection-point-blvd,35.1849696,-80.760105,North Carolina
1826,4400 Sharon Rd,Charlotte,NC,28211,(704) 705-4993,nc/charlotte/4400-sharon-rd,35.15286713952103,-80.83275382209013,North Carolina
3125,6925 University City Blvd,Charlotte,NC,28262,(704) 596-5475,nc/charlotte/6925-university-city-blvd,35.290580666283915,-80.7660270977718,North Carolina
1510,7724 Pineville Matthews Rd,Charlotte,NC,28226,(980) 225-5531,nc/charlotte/7724-pineville-matthews-rd,35.088111369486505,-80.85093460806718,North Carolina
2453,7800 Rea Rd,Charlotte,NC,28277,(704) 341-5793,nc/charlotte/7800-rea-rd,35.0611841,-80.8144299,North Carolina
3751,9030 Albemarle Rd,Charlotte,NC,28227,(980) 209-1082,nc/charlotte/9030-albemarle-rd,35.211223800000035,-80.68985462626065,North Carolina
1874,9335 N Tryon St,Charlotte,NC,28262,(980) 202-7032,nc/charlotte/9335-n-tryon-st,35.313284116044976,-80.743202273605,North Carolina
2939,9821 Northlake Centre Pkwy,Charlotte,NC,28216,(704) 596-0117,nc/charlotte/9821-northlake-centre-pkwy,35.3487979908174,-80.85775520246409,North Carolina
2233,1463 Concord Pkwy N,Concord,NC,28025,(704) 782-3065,nc/concord/1463-concord-pkwy-n,35.437999416406754,-80.60556542822437,North Carolina
2880,8509 Concord Mills Blvd,Concord,NC,28027,(704) 971-6101,nc/concord/8509-concord-mills-blvd,35.372166,-80.722589,North Carolina
,1034 Yunus Rd,Durham,NC,27703,(984) 312-7633,nc/durham/1034-yunus-rd,35.9406282,-78.8540445,North Carolina
994,2608 Erwin Rd,Durham,NC,27705,(919) 309-2901,nc/durham/2608-erwin-rd,36.00911673591872,-78.94464695705227,North Carolina
1974,3219 Watkins Rd,Durham,NC,27707,(919) 401-5469,nc/durham/3219-watkins-rd,35.953059928726404,-78.9922507824736,North Carolina
3133,3800 N Roxboro St,Durham,NC,27704,(919) 471-1662,nc/durham/3800-n-roxboro-st,36.04091171010093,-78.89901059751232,North Carolina
3267,5431 Page Rd,Durham,NC,27703,(919) 941-0059,nc/durham/5431-page-rd,35.87666535201273,-78.85064672408672,North Carolina
1791,6910 Fayetteville Rd,Durham,NC,27713,(919) 627-9249,nc/durham/6910-fayetteville-rd,35.90346245267528,-78.941560858461,North Carolina
1607,1918 Skibo Rd,Fayetteville,NC,28314,(910) 867-7325,nc/fayetteville/1918-skibo-rd,35.068524436494286,-78.96714379998264,North Carolina
,3101 Raeford Rd,Fayetteville,NC,28303,(910) 778-5547,nc/fayetteville/3101-raeford-rd,35.0442185,-78.9308131,North Carolina
2938,4715 Ramsey St,Fayetteville,NC,28311,(910) 822-0011,nc/fayetteville/4715-ramsey-st,35.125970207462714,-78.87993983523468,North Carolina
940,1420 Westover Ter,Greensboro,NC,27408,(336) 272-5503,nc/greensboro/1420-westover-ter,36.09130859855215,-79.81426860491086,North Carolina
,3227 Battleground Ave,Greensboro,NC,27408,(743) 902-7679,nc/greensboro/3227-battleground-ave,36.12008583294992,-79.842773072999,North Carolina
1911,435 Tate St,Greensboro,NC,27403,(336) 419-0949,nc/greensboro/435-tate-st,36.067479046507295,-79.80532286628716,North Carolina
904,5402 Sapp Rd,Greensboro,NC,27409,(336) 292-4410,nc/greensboro/5402-sapp-rd,36.05578325262511,-79.90414601595592,North Carolina
4139,6021 W Gate City Blvd,Greensboro,NC,27407,(743) 837-3194,nc/greensboro/6021-w-gate-city-blvd,36.001816130275216,-79.90603311102774,North Carolina
2665,2313 N Main St,High Point,NC,27262,(336) 886-1510,nc/high-point/2313-n-main-st,35.98544176187843,-80.02523033954168,North Carolina
,2650 S Main St,High Point,NC,27263,(743) 837-3122,nc/high-point/2650-s-main-st,35.92611318542599,-79.98632768788067,North Carolina
2550,4008 Brian Jordan Pl,High Point,NC,27265,(336) 882-0352,nc/high-point/4008-brian-jordan-pl,36.032630140693406,-79.95840003037392,North Carolina
2129,1345 Western Blvd,Jacksonville,NC,28546,(910) 353-2509,nc/jacksonville/1345-western-blvd,34.78646178390098,-77.4026611671793,North Carolina
,2730 US Hwy 258,Jacksonville,NC,28540,(910) 967-7770,nc/jacksonville/2730-us-hwy-258,34.755026,-77.460483,North Carolina
1659,2316 Hillsborough St,Raleigh,NC,27607,(919) 576-1894,nc/raleigh/2316-hillsborough-st,35.78765911521597,-78.66678999568796,North Carolina
3616,4203 Fayetteville Rd,Raleigh,NC,27603,(919) 985-7287,nc/raleigh/4203-fayetteville-rd,35.72209973209992,-78.65235203153108,North Carolina
3266,4421 Six Forks Rd,Raleigh,NC,27609,(919) 785-3316,nc/raleigh/4421-six-forks-rd,35.84019242151976,-78.6433227867186,North Carolina
2386,6081 Capital Blvd,Raleigh,NC,27616,(919) 322-3290,nc/raleigh/6081-capital-blvd,35.86819551856155,-78.5834612801574,North Carolina
942,6102 Falls Of Neuse Rd,Raleigh,NC,27609,(919) 877-8544,nc/raleigh/6102-falls-of-neuse-rd,35.866128,-78.620083,North Carolina
826,6602 Glenwood Ave,Raleigh,NC,27612,(919) 781-5115,nc/raleigh/6602-glenwood-ave,35.86036015432925,-78.70772010858099,North Carolina
2066,9504 Strickland Rd,Raleigh,NC,27615,(919) 322-3259,nc/raleigh/9504-strickland-rd,35.90190158973859,-78.65489657729813,North Carolina
1959,1525 Fordham Rd,Wilmington,NC,28403,(910) 794-4906,nc/wilmington/1525-fordham-rd,34.21366403392537,-77.90190872020554,North Carolina
2282,941 International Dr,Wilmington,NC,28405,(910) 256-1899,nc/wilmington/941-international-dr,34.242664279599644,-77.82831031501104,North Carolina
,1051 Southpark Blvd,Winston Salem,NC,27127,(743) 255-5920,nc/winston-salem/1051-southpark-blvd,36.0448911,-80.2574631,North Carolina
851,128 Hanes Mall Cir,Winston Salem,NC,27103,(336) 245-2522,nc/winston-salem/128-hanes-mall-cir,36.06927062688182,-80.2981625849226,North Carolina
,5414 University Pkwy,Winston Salem,NC,27105,(336) 418-2007,nc/winston-salem/5414-university-pkwy,36.168562308990026,-80.27763634432942,North Carolina
3415,1204 19th Ave N,Fargo,ND,58102,(701) 566-7467,nd/fargo/1204-19th-ave-n,46.9043383,-96.7966441,North Dakota
2359,1680 45th St S,Fargo,ND,58103,(701) 566-5299,nd/fargo/1680-45th-st-s,46.855337126253865,-96.86141579138433,North Dakota
,3061 25th St S,Fargo,ND,58103,(701) 540-6672,nd/fargo/3061-25th-st-s,46.83425574385891,-96.82042976281137,North Dakota
3449,1289 George Washington Blvd,Akron,OH,44312,(234) 542-8065,oh/akron/1289-george-washington-blvd,41.02790581770046,-81.46213526873109,Ohio
2244,272 E Exchange St,Akron,OH,44304,(234) 208-2245,oh/akron/272-e-exchange-st,41.07289346047133,-81.5134754159559,Ohio
282,3890 Medina Rd,Akron,OH,44333,(330) 670-8393,oh/akron/3890-medina-rd,41.13539324280015,-81.6377670599702,Ohio
,454 E Waterloo Rd,Akron,OH,44319,(234) 200-1748,oh/akron/454-e-waterloo-rd,41.028535553202246,-81.51088654508132,Ohio
1165,790 Arlington Rdg,Akron,OH,44312,(330) 644-4069,oh/akron/790-arlington-rdg,40.982584100643244,-81.49388062767626,Ohio
951,825 W Market St,Akron,OH,44303,(330) 374-0204,oh/akron/825-w-market-st,41.097092980902595,-81.54395430983902,Ohio
1779,5553 Mahoning Ave,Austintown,OH,44515,(330) 318-4930,oh/austintown/5553-mahoning-ave,41.0985901,-80.76608089999999,Ohio
4322,835 N Canfield Niles Rd,Austintown,OH,44515,(234) 877-4003,oh/austintown/835-n-canfield-niles-rd,41.12033016764113,-80.76739482216982,Ohio
2720,2544 Zink Rd,Beavercreek,OH,45324,(937) 429-1294,oh/beavercreek/2544-zink-rd,39.77617085659909,-84.07530174817572,Ohio
283,3286 Pentagon Blvd,Beavercreek,OH,45431,(937) 431-3706,oh/beavercreek/3286-pentagon-blvd,39.770957056779324,-84.05299199512211,Ohio
1713,695 W Waterloo St,Canal Winchester,OH,43110,(614) 321-3840,oh/canal-winchester/695-w-waterloo-st,39.85484288167192,-82.82508836387899,Ohio
,7730 Diley Rd,Canal Winchester,OH,43110,(614) 524-0142,oh/canal-winchester/7730-diley-rd,39.8449275,-82.7816074,Ohio
3663,3232 Cleveland Ave NW,Canton,OH,44709,(234) 203-0660,oh/canton/3232-cleveland-ave-nw,40.83456517,-81.388526,Ohio
1568,4130 Tuscarawas St W,Canton,OH,44708,(330) 477-0722,oh/canton/4130-tuscarawas-st-w,40.79572100000003,-81.42474844907377,Ohio
869,5097 Dressler Rd NW,Canton,OH,44718,(330) 493-1648,oh/canton/5097-dressler-rd-nw,40.85522098634976,-81.43291882543053,Ohio
,6410 Market Ave N,Canton,OH,44721,(330) 470-0001,oh/canton/6410-market-ave-n,40.87530123582624,-81.36343512095782,Ohio
1222,1 Fountain Square Plz,Cincinnati,OH,45202,(513) 579-9900,oh/cincinnati/1-fountain-square-plz,39.10217898134422,-84.51263522237582,Ohio
4493,2244 Beechmont Ave,Cincinnati,OH,45230,(513) 840-5033,oh/cincinnati/2244-beechmont-ave,39.09587667343888,-84.38696681043338,Ohio
62,2507 W Clifton Ave,Cincinnati,OH,45219,(513) 281-8600,oh/cincinnati/2507-w-clifton-ave,39.12815034204512,-84.51941824689166,Ohio
1103,2552 Cunningham Rd,Cincinnati,OH,45241,(513) 554-0911,oh/cincinnati/2552-cunningham-rd,39.25324035526098,-84.42625920948092,Ohio
1238,258 Stetson St,Cincinnati,OH,45219,(513) 559-9300,oh/cincinnati/258-stetson-st,39.135057815778055,-84.50274093542356,Ohio
318,350 Cincinnati Mills Dr,Cincinnati,OH,45240,(513) 671-3000,oh/cincinnati/350-cincinnati-mills-dr,39.30306421626785,-84.52276245847423,Ohio
,3639 West Fork Road,Cincinnati,OH,45247,(513) 656-5589,oh/cincinnati/3639-west-fork-road,39.18794082944796,-84.60326966010543,Ohio
124,3725 Paxton Ave,Cincinnati,OH,45209,(513) 631-3800,oh/cincinnati/3725-paxton-ave,39.14531817928033,-84.4318670772982,Ohio
568,4397 Glen Este Withamsville Rd,Cincinnati,OH,45245,(513) 947-8201,oh/cincinnati/4397-glen-este-withamsville-rd,39.0928644072704,-84.26378210491089,Ohio
82,444 Ohio Pike,Cincinnati,OH,45255,(513) 528-5938,oh/cincinnati/444-ohio-pike,39.07219117947307,-84.31225537630598,Ohio
4226,4820 Ridge Ave,Cincinnati,OH,45209,(513) 898-9029,oh/cincinnati/4820-ridge-ave,39.16184504858302,-84.42027207924762,Ohio
1838,5201 Delhi Rd,Cincinnati,OH,45238,(513) 347-0500,oh/cincinnati/5201-delhi-rd,39.13103749344231,-84.61039959619934,Ohio
289,5555 Glenway Ave,Cincinnati,OH,45238,(513) 451-2683,oh/cincinnati/5555-glenway-ave,39.13107570902382,-84.61032591593029,Ohio
1835,6213 Wooster Pike,Cincinnati,OH,45227,(513) 561-5600,oh/cincinnati/6213-wooster-pike,39.14311576764447,-84.38735124479199,Ohio
2702,6440 Harrison Ave,Cincinnati,OH,45247,(513) 598-8200,oh/cincinnati/6440-harrison-ave,39.19105662888335,-84.6564668147152,Ohio
1202,6455 Glenway Ave,Cincinnati,OH,45211,(513) 598-4455,oh/cincinnati/6455-glenway-ave,39.15151257615258,-84.62830398675237,Ohio
1532,7875 Montgomery Rd,Cincinnati,OH,45236,(513) 793-8200,oh/cincinnati/7875-montgomery-rd,39.20091819241933,-84.37848159386576,Ohio
61,8154 Montgomery Rd,Cincinnati,OH,45236,(513) 936-9188,oh/cincinnati/8154-montgomery-rd,39.20401809557619,-84.36797564231051,Ohio
1067,8375 Winton Rd,Cincinnati,OH,45231,(513) 931-9333,oh/cincinnati/8375-winton-rd,39.21947,-84.5186505,Ohio
,9430 Fields Ertel Rd,Cincinnati,OH,45249,(513) 716-1997,oh/cincinnati/9430-fields-ertel-rd,39.29128153926165,-84.30120993468083,Ohio
526,9430C Colerain Ave,Cincinnati,OH,45251,(513) 385-2156,oh/cincinnati/9430c-colerain-ave,39.24308988781591,-84.59408281960413,Ohio
1743,11452 Euclid Ave,Cleveland,OH,44106,(216) 472-2297,oh/cleveland/11452-euclid-ave,41.5097942,-81.6039616,Ohio
3097,11638 Clifton Blvd,Cleveland,OH,44102,(216) 961-2491,oh/cleveland/11638-clifton-blvd,41.47714996,-81.74393463,Ohio
1978,16729 Lorain Ave,Cleveland,OH,44111,(216) 472-3209,oh/cleveland/16729-lorain-ave,41.4502488596289,-81.81408820259588,Ohio
1986,224 Euclid Ave,Cleveland,OH,44114,(216) 472-3023,oh/cleveland/224-euclid-ave,41.49939939475778,-81.6916767863994,Ohio
,3530 Steelyard Dr,Cleveland,OH,44109,(216) 480-2250,oh/cleveland/3530-steelyard-dr,41.4570403,-81.6902513,Ohio
2087,1000 N High St,Columbus,OH,43201,(614) 472-4706,oh/columbus/1000-n-high-st,39.98275726664681,-83.00445860613422,Ohio
256,1140 Polaris Pkwy,Columbus,OH,43240,(614) 781-1320,oh/columbus/1140-polaris-pkwy,40.14395299747187,-82.98936564846213,Ohio
4176,1195 Olentangy River Rd,Columbus,OH,43212,(380) 235-4730,oh/columbus/1195-olentangy-river-rd,39.98446520213934,-83.02418802012741,Ohio
538,1528 Georgesville Rd,Columbus,OH,43228,(614) 853-4245,oh/columbus/1528-georgesville-rd,39.91983489058146,-83.12635584416296,Ohio
83,1726 N High St,Columbus,OH,43201,(614) 291-0274,oh/columbus/1726-n-high-st,39.99753488691393,-83.00736573834325,Ohio
1690,1851 Morse Rd,Columbus,OH,43229,(614) 600-3389,oh/columbus/1851-morse-rd,40.05974809934066,-82.96899877355452,Ohio
3314,191 E Campus View Blvd,Columbus,OH,43235,(614) 781-0793,oh/columbus/191-e-campus-view-blvd,40.11775471482254,-83.0101263642136,Ohio
767,1960 E Dublin Granville Rd,Columbus,OH,43229,(614) 891-4257,oh/columbus/1960-e-dublin-granville-rd,40.08727836030596,-82.96550415187804,Ohio
3108,2130 North High Street,Columbus,OH,43201,(614) 297-4794,oh/columbus/2130-north-high-street,40.00581300000001,-83.00895358895491,Ohio
84,3090 Kingsdale Ctr,Columbus,OH,43221,(614) 326-2631,oh/columbus/3090-kingsdale-ctr,40.02045310782168,-83.06043568810071,Ohio
3633,3566 S High St,Columbus,OH,43207,(614) 654-5129,oh/columbus/3566-s-high-st,39.888122358122104,-82.99752931721402,Ohio
181,401 N Front St,Columbus,OH,43215,(614) 228-5488,oh/columbus/401-n-front-st,39.96964157705525,-83.00419198184457,Ohio
46,4034 Townsfair Way,Columbus,OH,43219,(614) 337-8044,oh/columbus/4034-townsfair-way,40.049148498285206,-82.91385937544578,Ohio
626,4489 N High St,Columbus,OH,43214,(614) 263-5547,oh/columbus/4489-n-high-st,40.053962468938686,-83.02027016223587,Ohio
301,4750 Morse Rd,Columbus,OH,43230,(614) 472-3720,oh/columbus/4750-morse-rd,40.055903417890974,-82.86621386648426,Ohio
3507,4782 W Broad St,Columbus,OH,43228,(614) 335-4705,oh/columbus/4782-w-broad-st,39.9525891,-83.1287653,Ohio
27,488 S High St,Columbus,OH,43215,(614) 621-2601,oh/columbus/488-s-high-st,39.95205681226664,-82.99842939846212,Ohio
628,6079 Parkcenter Circle,Columbus,OH,43017,(614) 789-0920,oh/columbus/6079-parkcenter-circle,40.0769191,-83.1313756,Ohio
76,6590 Sawmill Rd,Columbus,OH,43235,(614) 210-0451,oh/columbus/6590-sawmill-rd,40.102103561269246,-83.09053581349178,Ohio
22,6815 E. Broad Street,Columbus,OH,43213,(614) 501-7250,oh/columbus/6815-e-broad-street,39.98065445865473,-82.82173003283776,Ohio
1398,771 Bethel Rd,Columbus,OH,43214,(614) 453-0083,oh/columbus/771-bethel-rd,40.06260417755192,-83.04115860858099,Ohio
2348,2042 Portage Trl,Cuyahoga Falls,OH,44223,(330) 922-8206,oh/cuyahoga-falls/2042-portage-trl,41.14814607308424,-81.50744404796484,Ohio
917,371 Howe Ave,Cuyahoga Falls,OH,44221,(330) 920-1295,oh/cuyahoga-falls/371-howe-ave,41.11957551778632,-81.47943898654239,Ohio
,994 Graham Rd,Cuyahoga Falls,OH,44221,(234) 542-8825,oh/cuyahoga-falls/994-graham-rd,41.16334746818667,-81.47762648897165,Ohio
126,1211 Brown St,Dayton,OH,45409,(937) 222-2238,oh/dayton/1211-brown-st,39.74160515979813,-84.18259525921002,Ohio
4556,4215 Linden Ave,Dayton,OH,45432,(937) 518-6045,oh/dayton/4215-linden-ave,39.74448396257303,-84.11878002059922,Ohio
1151,4473 Walnut St,Dayton,OH,45440,(937) 426-2611,oh/dayton/4473-walnut-st,39.69480045770538,-84.10336222643423,Ohio
872,6000 Wilmington Pike,Dayton,OH,45459,(937) 848-2974,oh/dayton/6000-wilmington-pike,39.65225674653098,-84.10939257485143,Ohio
733,6759 Miller Ln,Dayton,OH,45414,(937) 890-0473,oh/dayton/6759-miller-ln,39.845569195819195,-84.19280280760847,Ohio
,1107 Trenton Ave,Findlay,OH,45840,(419) 434-1519,oh/findlay/1107-trenton-ave,41.05803780159612,-83.67091346502067,Ohio
982,15067 E US Route 224,Findlay,OH,45840,(419) 424-0905,oh/findlay/15067-e-us-route-224,41.05554496550957,-83.59105625385371,Ohio
639,1671 Stringtown Rd,Grove City,OH,43123,(614) 801-0784,oh/grove-city/1671-stringtown-rd,39.87824409017301,-83.04230376235621,Ohio
3084,3019 Meadow Pond Ct,Grove City,OH,43123,(614) 875-1262,oh/grove-city/3019-meadow-pond-ct,39.84062555688306,-83.08625017552066,Ohio
3390,1455 Main St,Hamilton,OH,45013,(513) 773-3066,oh/hamilton/1455-main-st,39.4243899,-84.595592,Ohio
,1510 S Erie Hwy,Hamilton,OH,45011,(513) 773-3992,oh/hamilton/1510-s-erie-hwy,39.38103077026922,-84.54916262128334,Ohio
555,1835 Hilliard Rome Rd,Hilliard,OH,43026,(614) 921-8206,oh/hilliard/1835-hilliard-rome-rd,39.9891776156438,-83.15218628649086,Ohio
947,3670 Fishinger Blvd,Hilliard,OH,43026,(614) 527-7049,oh/hilliard/3670-fishinger-blvd,40.02961381170066,-83.11614401608767,Ohio
2633,4050 Cascades Blvd,Kent,OH,44240,(330) 673-5239,oh/kent/4050-cascades-blvd,41.09963162539934,-81.38592877164514,Ohio
,605 E Main St,Kent,OH,44240,(234) 282-7107,oh/kent/605-e-main-st,41.15416527796144,-81.34960947040292,Ohio
3533,1248 E Main St,Lancaster,OH,43130,(740) 994-4072,oh/lancaster/1248-e-main-st,39.7136112,-82.57745159999999,Ohio
750,1608 N Memorial Dr,Lancaster,OH,43130,(740) 689-9627,oh/lancaster/1608-n-memorial-dr,39.73145840987301,-82.61392341840269,Ohio
1610,2364 Kings Center Ct,Mason,OH,45040,(513) 336-9830,oh/mason/2364-kings-center-ct,39.35649935953539,-84.25908591165677,Ohio
78,9540 S Mason Montgomery Rd,Mason,OH,45040,(513) 754-8321,oh/mason/9540-s-mason-montgomery-rd,39.29960732272462,-84.3142497493883,Ohio
2872,13 Tommy Henrich Dr NW,Massillon,OH,44647,(330) 833-7191,oh/massillon/13-tommy-henrich-dr-nw,40.795791385258894,-81.527331526372,Ohio
4234,2548 Lincoln Way E,Massillon,OH,44646,(330) 236-4495,oh/massillon/2548-lincoln-way-e,40.7978043,-81.4861461,Ohio
3144,3070 Medina Rd,Medina,OH,44256,(330) 721-1747,oh/medina/3070-medina-rd,41.13568360594685,-81.79778506922588,Ohio
807,899 N Court St,Medina,OH,44256,(330) 725-2303,oh/medina/899-n-court-st,41.15054366239336,-81.86383435950717,Ohio
3821,7787 Reynolds Rd,Mentor,OH,44060,(440) 220-4781,oh/mentor/7787-reynolds-rd,41.65910753545038,-81.37711542616125,Ohio
1065,9188 Mentor Ave,Mentor,OH,44060,(440) 255-0759,oh/mentor/9188-mentor-ave,41.67660686196451,-81.31000445948985,Ohio
832,17999 Bagley Rd,Middleburg Heights,OH,44130,(440) 243-5041,oh/middleburg-heights/17999-bagley-rd,41.371498356323634,-81.82645710289307,Ohio
3907,6860 Pearl Rd,Middleburg Heights,OH,44130,(440) 586-6685,oh/middleburg-heights/6860-pearl-rd,41.38018184222017,-81.78825198873699,Ohio
1989,32223 Lorain Rd,North Ridgeville,OH,44039,(440) 353-0240,oh/north-ridgeville/32223-lorain-rd,41.386277699236196,-81.97464271927898,Ohio
,34712 Center Ridge Rd,North Ridgeville,OH,44039,(440) 517-3945,oh/north-ridgeville/34712-center-ridge-rd,41.395484,-82.0030639,Ohio
2528,1042 W Pleasant Valley Rd,Parma,OH,44134,(440) 842-5388,oh/parma/1042-w-pleasant-valley-rd,41.36190552642353,-81.6855199278773,Ohio
2281,7683 W Ridgewood Dr,Parma,OH,44129,(440) 842-8745,oh/parma/7683-w-ridgewood-dr,41.38412075553052,-81.7383160684027,Ohio
470,8695 Owenfield Dr,Powell,OH,43065,(740) 657-8355,oh/powell/8695-owenfield-dr,40.164998332903,-83.02077878066581,Ohio
1123,9733 Sawmill Pkwy,Powell,OH,43065,(614) 408-0600,oh/powell/9733-sawmill-pkwy,40.15654754338991,-83.09048033458453,Ohio
149,6316 Tussing Rd,Reynoldsburg,OH,43068,(614) 501-1548,oh/reynoldsburg/6316-tussing-rd,39.92796515885739,-82.82984415889553,Ohio
595,7611 Farmsbury Dr,Reynoldsburg,OH,43068,(614) 864-2041,oh/reynoldsburg/7611-farmsbury-dr,39.9406908106128,-82.7910557828207,Ohio
882,1930 N Bechtle Ave,Springfield,OH,45504,(937) 390-0287,oh/springfield/1930-n-bechtle-ave,39.95118459282675,-83.8299552490887,Ohio
,2242 S Limestone St,Springfield,OH,45505,(937) 504-6329,oh/springfield/2242-s-limestone-st,39.89534225788725,-83.81106891920572,Ohio
81,15029 Pearl Rd,Strongsville,OH,44136,(440) 846-9625,oh/strongsville/15029-pearl-rd,41.306226206889626,-81.83451668619364,Ohio
,17090 Royalton Rd,Strongsville,OH,44136,(440) 656-2210,oh/strongsville/17090-royalton-rd,41.31354506574133,-81.8185908079693,Ohio
,1206 E Alexis Rd,Toledo,OH,43612,(567) 318-6366,oh/toledo/1206-e-alexis-rd,41.7228072,-83.51848059999999,Ohio
933,3305 W Central Ave,Toledo,OH,43606,(419) 536-4294,oh/toledo/3305-w-central-ave,41.67654145079206,-83.62324267416739,Ohio
1736,4109 Talmadge Rd,Toledo,OH,43623,(419) 474-6365,oh/toledo/4109-talmadge-rd,41.693308779323864,-83.64563704587715,Ohio
1012,7229 W Central Ave,Toledo,OH,43617,(419) 841-3283,oh/toledo/7229-w-central-ave,41.67301153131502,-83.7163790168322,Ohio
375,7717 Voice Of America Centre Dr,West Chester,OH,45069,(513) 779-3615,oh/west-chester/7717-voice-of-america-centre-dr,39.353146937401284,-84.3617461819112,Ohio
3431,7903 Crossings Of Beckett Dr,West Chester,OH,45069,(513) 682-2999,oh/west-chester/7903-crossings-of-beckett-dr,39.36013158143939,-84.46023277258303,Ohio
811,9324 Union Centre Blvd,West Chester,OH,45069,(513) 942-5501,oh/west-chester/9324-union-centre-blvd,39.32505994717117,-84.4302594159559,Ohio
530,63 Maxtown Rd,Westerville,OH,43082,(614) 899-3160,oh/westerville/63-maxtown-rd,40.146260596885426,-82.9227545723873,Ohio
225,641 S State St,Westerville,OH,43081,(614) 865-1863,oh/westerville/641-s-state-st,40.10891796996159,-82.92577601962603,Ohio
3410,320 Wick Ave,Youngstown,OH,44503,(330) 423-0785,oh/youngstown/320-wick-ave,41.1053131869228,-80.64532405187238,Ohio
4436,4100 Belmont Ave,Youngstown,OH,44505,(234) 287-2088,oh/youngstown/4100-belmont-ave,41.15687993935305,-80.66548819816492,Ohio
873,3581 Maple Ave,Zanesville,OH,43701,(740) 452-3154,oh/zanesville/3581-maple-ave,39.989190086043884,-82.02362955398462,Ohio
4271,695 Zane Street,Zanesville,OH,43701,(740) 647-5484,oh/zanesville/695-zane-street,39.9476501,-82.00317509999999,Ohio
,5405 S Aspen Ave,Broken Arrow,OK,74011,(539) 250-4518,ok/broken-arrow/5405-s-aspen-ave,35.9978317,-95.8150835,Oklahoma
3684,750 E Kenosha St,Broken Arrow,OK,74012,(918) 615-4060,ok/broken-arrow/750-e-kenosha-st,36.0609832,-95.7831679,Oklahoma
1951,1641 24th Ave NW,Norman,OK,73069,(405) 364-1269,ok/norman/1641-24th-ave-nw,35.238797436474336,-97.4814494944601,Oklahoma
1383,765 Asp Ave,Norman,OK,73069,(405) 360-0221,ok/norman/765-asp-ave,35.2117569496394,-97.4435027708929,Oklahoma
2169,14221 N Pennsylvania Ave,Oklahoma City,OK,73134,(405) 302-4903,ok/oklahoma-city/14221-n-pennsylvania-ave,35.61487004522407,-97.55006708435235,Oklahoma
1232,3315 NW Expressway,Oklahoma City,OK,73112,(405) 879-2250,ok/oklahoma-city/3315-nw-expressway,35.531381864003095,-97.575737204483,Oklahoma
3121,10410 S Memorial Dr,Tulsa,OK,74133,(918) 364-3564,ok/tulsa/10410-s-memorial-dr,36.013375,-95.887164,Oklahoma
1044,10902 E 71st St,Tulsa,OK,74133,(918) 459-2464,ok/tulsa/10902-e-71st-st,36.06036664441675,-95.85470388346417,Oklahoma
1336,1623 E 15th St,Tulsa,OK,74120,(918) 582-9005,ok/tulsa/1623-e-15th-st,36.14080455890629,-95.96865687264523,Oklahoma
2141,5730 E 41st St,Tulsa,OK,74135,(918) 770-4675,ok/tulsa/5730-e-41st-st,36.10391071153174,-95.91147832948937,Oklahoma
2155,6060 S Yale Ave,Tulsa,OK,74135,(918) 477-9675,ok/tulsa/6060-s-yale-ave,36.075735639946785,-95.92272491310854,Oklahoma
2716,14795 SW Murray Scholls Dr,Beaverton,OR,97007,(503) 521-4127,or/beaverton/14795-sw-murray-scholls-dr,45.43779655487515,-122.82918884927322,Oregon
512,3380 SW Cedar Hills Blvd,Beaverton,OR,97005,(503) 469-1244,or/beaverton/3380-sw-cedar-hills-blvd,45.49527869017894,-122.8089985163241,Oregon
3737,9375 SW Beaverton Hillsdale Hwy,Beaverton,OR,97005,(971) 285-3700,or/beaverton/9375-sw-beaverton-hillsdale-hwy,45.48687326637031,-122.77366512336094,Oregon
3486,20524 Robal Ln,Bend,OR,97701,(541) 678-5008,or/bend/20524-robal-ln,44.10287853387232,-121.29778586083285,Oregon
2587,222 NE Emerson Ave,Bend,OR,97701,(541) 382-4295,or/bend/222-ne-emerson-ave,44.055194882872016,-121.30288882880131,Oregon
1199,2501 NW Monroe Ave,Corvallis,OR,97330,(541) 753-4026,or/corvallis/2501-nw-monroe-ave,44.56903822951666,-123.27912404968549,Oregon
,550 NE Circle Blvd,Corvallis,OR,97330,(541) 714-1974,or/corvallis/550-ne-circle-blvd,44.58857476750861,-123.25133221288013,Oregon
2594,1395 University St,Eugene,OR,97403,(541) 485-9158,or/eugene/1395-university-st,44.044661,-123.073979,Oregon
1304,460 Coburg Rd,Eugene,OR,97401,(541) 687-5220,or/eugene/460-coburg-rd,44.067847863113045,-123.07237365244674,Oregon
1362,12130 SE 82nd Ave,Happy Valley,OR,97086,(503) 786-5115,or/happy-valley/12130-se-82nd-ave,45.434130000000025,-122.57242146627044,Oregon
2862,17015 SE Sunnyside Rd,Happy Valley,OR,97015,(503) 558-9116,or/happy-valley/17015-se-sunnyside-rd,45.42710585555377,-122.48899402268157,Oregon
619,2048 NW Stucki Ave.,Hillsboro,OR,97124,(503) 533-0275,or/hillsboro/2048-nw-stucki-ave,45.53483160645467,-122.87733757977963,Oregon
2700,4530 NE Cornell Rd,Hillsboro,OR,97124,(503) 681-8692,or/hillsboro/4530-ne-cornell-rd,45.53295689410436,-122.93510634598067,Oregon
3195,1429 Center Dr,Medford,OR,97501,(541) 779-2064,or/medford/1429-center-dr,42.30919820925612,-122.85157712703439,Oregon
,60 Rossanley Drive,Medford,OR,97501,(458) 225-7079,or/medford/60-rossanley-drive,42.34603353238796,-122.88394908774173,Oregon
1358,1201 NW Lovejoy St,Portland,OR,97209,(971) 230-0041,or/portland/1201-nw-lovejoy-st,45.530204147634464,-122.6835977076314,Oregon
2686,13535 NW Cornell Rd,Portland,OR,97229,(503) 941-5155,or/portland/13535-nw-cornell-rd,45.527530451563344,-122.81568734921348,Oregon
2750,1933 W Burnside St,Portland,OR,97209,(503) 265-8512,or/portland/1933-w-burnside-st,45.52326586142202,-122.691122111926,Oregon
701,1948 SW Broadway,Portland,OR,97201,(503) 274-2002,or/portland/1948-sw-broadway,45.50979772421044,-122.68458356827512,Oregon
437,240 SW Yamhill St,Portland,OR,97204,(503) 241-7475,or/portland/240-sw-yamhill-st,45.51739369107142,-122.67576910644874,Oregon
,3582 SE Powell Blvd,Portland,OR,97202,(971) 393-2685,or/portland/3582-se-powell-blvd,45.496513792476875,-122.62652993039549,Oregon
440,704 NE Weidler St,Portland,OR,97232,(503) 287-8242,or/portland/704-ne-weidler-st,45.53412200193539,-122.65837320676326,Oregon
2782,910 SE 10th Ave,Portland,OR,97214,(503) 232-3420,or/portland/910-se-10th-ave,45.516263450497355,-122.65547634019566,Oregon
846,9120 SW Hall Blvd,Portland,OR,97223,(503) 620-9700,or/portland/9120-sw-hall-blvd,45.45472606186386,-122.77695210008676,Oregon
2184,9687 NE Cascades Pkwy,Portland,OR,97220,(503) 287-3117,or/portland/9687-ne-cascades-pkwy,45.57538752040823,-122.56408377729815,Oregon
4320,1060 Wallace Rd NW,Salem,OR,97304,(971) 332-9512,or/salem/1060-wallace-rd-nw,44.949826543480896,-123.0509895364445,Oregon
2858,3883 Commercial St SE,Salem,OR,97302,(503) 361-7816,or/salem/3883-commercial-st-se,44.89992656145715,-123.03932723632545,Oregon
1213,890 Lancaster Dr NE,Salem,OR,97301,(503) 428-5200,or/salem/890-lancaster-dr-ne,44.941904680899,-122.98263703247318,Oregon
2311,1870 Airport Rd,Allentown,PA,18109,(484) 353-1695,pa/allentown/1870-airport-rd,40.63961633809945,-75.43483525459635,Pennsylvania
2432,3114 W Tilghman St,Allentown,PA,18104,(610) 437-3401,pa/allentown/3114-w-tilghman-st,40.59710833151675,-75.52697263801929,Pennsylvania
2756,750 N Krocks Rd,Allentown,PA,18106,(610) 336-8484,pa/allentown/750-n-krocks-rd,40.56460657358572,-75.56466856827782,Pennsylvania
4293,1120 Carlisle Rd,Camp Hill,PA,17011,(223) 225-7748,pa/camp-hill/1120-carlisle-rd,40.230932898069014,-76.89276201096634,Pennsylvania
1813,3216 Trindle Rd,Camp Hill,PA,17011,(717) 441-2320,pa/camp-hill/3216-trindle-rd,40.238479,-76.935398,Pennsylvania
1281,20024 Route 19,Cranberry Township,PA,16066,(724) 779-3660,pa/cranberry-township/20024-route-19,40.675774239500264,-80.09829802637194,Pennsylvania
3161,2080 Mackenzie Way,Cranberry Township,PA,16066,(724) 779-1134,pa/cranberry-township/2080-mackenzie-way,40.68615659433138,-80.09119975469008,Pennsylvania
,3704 Easton Nazareth Hwy,Easton,PA,18045,(484) 544-4295,pa/easton/3704-easton-nazareth-hwy,40.7146985,-75.28436049999999,Pennsylvania
2710,4743 Freemansburg Ave,Easton,PA,18045,(610) 691-1925,pa/easton/4743-freemansburg-ave,40.65051714940819,-75.29493268804606,Pennsylvania
2421,2204 W 12th St,Erie,PA,16505,(814) 454-3464,pa/erie/2204-w-12th-st,42.1053991,-80.1316709,Pennsylvania
,4165 Buffalo Rd,Erie,PA,16510,(814) 240-1426,pa/erie/4165-buffalo-rd,42.14404836829594,-80.00617575119443,Pennsylvania
1504,6611 Peach St,Erie,PA,16509,(814) 860-3490,pa/erie/6611-peach-st,42.0580096,-80.0901447,Pennsylvania
1210,2014 Lincoln Pl,Greensburg,PA,15601,(724) 838-7591,pa/greensburg/2014-lincoln-pl,40.304427809518685,-79.57962629508916,Pennsylvania
3316,5250 State Route 30,Greensburg,PA,15601,(724) 216-6294,pa/greensburg/5250-state-route-30,40.302693501371905,-79.50872043980878,Pennsylvania
3748,2330 Linglestown Rd,Harrisburg,PA,17110,(717) 773-4111,pa/harrisburg/2330-linglestown-rd,40.32963084332107,-76.86282673013358,Pennsylvania
2486,3531 Union Deposit Rd,Harrisburg,PA,17109,(717) 564-1982,pa/harrisburg/3531-union-deposit-rd,40.27696874903392,-76.82510560934176,Pennsylvania
1340,5106 Jonestown Rd,Harrisburg,PA,17112,(717) 614-1504,pa/harrisburg/5106-jonestown-rd,40.312477351657755,-76.80199208865344,Pennsylvania
1856,160 N Gulph Rd,King Of Prussia,PA,19406,(484) 801-0673,pa/king-of-prussia/160-n-gulph-rd,40.088080934836945,-75.39433253360764,Pennsylvania
2177,620 W Dekalb Pike,King of Prussia,PA,19406,(484) 751-0102,pa/king-of-prussia/620-w-dekalb-pike,40.088298964050665,-75.38268720939959,Pennsylvania
3128,130 Rohrerstown Rd,Lancaster,PA,17603,(717) 293-5015,pa/lancaster/130-rohrerstown-rd,40.044024360428864,-76.36406292094034,Pennsylvania
2102,2081 Fruitville Pike,Lancaster,PA,17601,(717) 560-1571,pa/lancaster/2081-fruitville-pike,40.07707336555512,-76.32557850643138,Pennsylvania
3864,2232 Lincoln Hwy E,Lancaster,PA,17602,(717) 327-4029,pa/lancaster/2232-lincoln-hwy-e,40.02669483353304,-76.21996158283535,Pennsylvania
3315,1000 S Broad St,Philadelphia,PA,19146,(215) 989-4167,pa/philadelphia/1000-s-broad-st,39.938254740769075,-75.1676909413727,Pennsylvania
2013,1100 W Montgomery Ave,Philadelphia,PA,19122,(215) 236-3489,pa/philadelphia/1100-w-montgomery-ave,39.979433896721574,-75.15317814767752,Pennsylvania
1752,1200 Walnut St,Philadelphia,PA,19107,(267) 535-5483,pa/philadelphia/1200-walnut-st,39.94885042764468,-75.16069148435861,Pennsylvania
,12000 Roosevelt Blvd,Philadelphia,PA,19116,(267) 423-4859,pa/philadelphia/12000-roosevelt-blvd,40.10592767610717,-75.00182750089219,Pennsylvania
1480,1512 Walnut Street,Philadelphia,PA,19103,(215) 558-5213,pa/philadelphia/1512-walnut-street,39.9494795503162,-75.16667875214955,Pennsylvania
2257,1625 Chestnut St,Philadelphia,PA,19103,(215) 279-6845,pa/philadelphia/1625-chestnut-st,39.95159118032683,-75.16807861941591,Pennsylvania
3347,1851 S Columbus Blvd,Philadelphia,PA,19148,(267) 940-7680,pa/philadelphia/1851-s-columbus-blvd,39.923645898491905,-75.14211890749645,Pennsylvania
1938,2327 Cottman Ave,Philadelphia,PA,19149,(215) 695-2083,pa/philadelphia/2327-cottman-ave,40.047875540690576,-75.05825054474207,Pennsylvania
,2800 Fox St,Philadelphia,PA,19129,(215) 253-3082,pa/philadelphia/2800-fox-st,40.008989743156576,-75.17542577682228,Pennsylvania
2643,3400 Lancaster Ave,Philadelphia,PA,19104,(215) 387-2025,pa/philadelphia/3400-lancaster-ave,39.95719692981235,-75.19139570822551,Pennsylvania
1214,3925 Walnut St,Philadelphia,PA,19104,(215) 222-0632,pa/philadelphia/3925-walnut-st,39.9543724638874,-75.20138297285112,Pennsylvania
1045,4030 City Avenue,Philadelphia,PA,19131,(215) 878-0452,pa/philadelphia/4030-city-avenue,40.007505554465475,-75.2122489840441,Pennsylvania
3263,701 E Cathedral Rd,Philadelphia,PA,19128,(267) 331-4280,pa/philadelphia/701-e-cathedral-rd,40.06350775609734,-75.2364997400708,Pennsylvania
2732,9173 Roosevelt Blvd,Philadelphia,PA,19114,(215) 673-0476,pa/philadelphia/9173-roosevelt-blvd,40.07428189999999,-75.03310232024292,Pennsylvania
2655,1027 Freeport Rd,Pittsburgh,PA,15238,(412) 406-8538,pa/pittsburgh/1027-freeport-rd,40.48808855816238,-79.88548909293957,Pennsylvania
1803,1614 Cochran Rd,Pittsburgh,PA,15220,(412) 379-4846,pa/pittsburgh/1614-cochran-rd,40.3916909348515,-80.05985290935905,Pennsylvania
4400,1685 Smallman St,Pittsburgh,PA,15222,(412) 746-0602,pa/pittsburgh/1685-smallman-st,40.45047488696563,-79.98708695712902,Pennsylvania
1896,1720 Washington Rd,Pittsburgh,PA,15241,(412) 833-3723,pa/pittsburgh/1720-washington-rd,40.348342,-80.054179,Pennsylvania
1533,211 Forbes Ave,Pittsburgh,PA,15222,(412) 224-5586,pa/pittsburgh/211-forbes-ave,40.44078473035436,-80.00165841468049,Pennsylvania
877,310 McHolme Dr,Pittsburgh,PA,15275,(412) 787-3227,pa/pittsburgh/310-mcholme-dr,40.44879826631991,-80.1744529257603,Pennsylvania
,3510 Forbes Ave,Pittsburgh,PA,15213,(412) 730-2132,pa/pittsburgh/3510-forbes-ave,40.43965,-79.958671,Pennsylvania
2410,4611 Forbes Ave,Pittsburgh,PA,15213,(412) 904-3716,pa/pittsburgh/4611-forbes-ave,40.444644128754675,-79.94811053497028,Pennsylvania
1146,4800 Baum Blvd,Pittsburgh,PA,15213,(412) 621-1993,pa/pittsburgh/4800-baum-blvd,40.45423639760413,-79.9474339460154,Pennsylvania
1264,4861 McKnight Rd,Pittsburgh,PA,15237,(412) 367-4902,pa/pittsburgh/4861-mcknight-rd,40.529074742952304,-80.00872537479313,Pennsylvania
,50 Towne Square Way,Pittsburgh,PA,15227,(412) 819-3480,pa/pittsburgh/50-towne-square-way,40.367677,-79.983464,Pennsylvania
1089,509 Clairton Blvd,Pittsburgh,PA,15236,(412) 655-8271,pa/pittsburgh/509-clairton-blvd,40.33336885301682,-79.94590624780949,Pennsylvania
2268,8870 Covenant Ave,Pittsburgh,PA,15237,(412) 366-1825,pa/pittsburgh/8870-covenant-ave,40.56887400990559,-80.02325861680208,Pennsylvania
2733,400 S State Rd,Springfield,PA,19064,(484) 472-8533,pa/springfield/400-s-state-rd,39.93833061414203,-75.35359031300436,Pennsylvania
2223,801 Baltimore Pike,Springfield,PA,19064,(484) 471-3255,pa/springfield/801-baltimore-pike,39.91641365467459,-75.33377060920998,Pennsylvania
1329,116 Hiester St,State College,PA,16801,(814) 231-0442,pa/state-college/116-hiester-st,40.79681575155892,-77.85708599903313,Pennsylvania
3357,1850 N Atherton St,State College,PA,16803,(814) 308-0671,pa/state-college/1850-n-atherton-st,40.80866833,-77.90373667,Pennsylvania
2405,239 E Swedesford Rd,Wayne,PA,19087,(610) 688-0639,pa/wayne/239-e-swedesford-rd,40.07396183768074,-75.43201480982168,Pennsylvania
1417,323 E Lancaster Ave,Wayne,PA,19087,(484) 367-0057,pa/wayne/323-e-lancaster-ave,40.04439214114272,-75.37924194783307,Pennsylvania
1940,1923 Springwood Rd,York,PA,17403,(717) 650-3081,pa/york/1923-springwood-rd,39.93964618494028,-76.69322443817782,Pennsylvania
1325,2801 Concord Rd,York,PA,17402,(717) 840-8414,pa/york/2801-concord-rd,39.9830248841578,-76.66883894381584,Pennsylvania
2901,890 Loucks Rd,York,PA,17404,(717) 848-2047,pa/york/890-loucks-rd,39.979809610597584,-76.75201872147846,Pennsylvania
1388,235 Thayer St,Providence,RI,02906,(401) 621-2503,ri/providence/235-thayer-st,41.828201801667696,-71.40055386775839,Rhode Island
3600,66 Branch Ave,Providence,RI,02904,(401) 354-2434,ri/providence/66-branch-ave,41.84354438452892,-71.40924992416406,Rhode Island
1873,1800 Post Road,Warwick,RI,02886,(401) 732-9233,ri/warwick/1800-post-road,41.7315569,-71.4365364,Rhode Island
978,969 Bald Hill Rd,Warwick,RI,02886,(401) 821-3007,ri/warwick/969-bald-hill-rd,41.7122944729235,-71.48965054356859,Rhode Island
2166,374 King St,Charleston,SC,29401,(843) 577-2345,sc/charleston/374-king-st,32.785614158947844,-79.93600473160916,South Carolina
3789,975 Savannah Hwy,Charleston,SC,29407,(854) 999-4231,sc/charleston/975-savannah-hwy,32.782602174613295,-79.9902270808925,South Carolina
3313,10136 Two Notch Rd,Columbia,SC,29229,(803) 753-1055,sc/columbia/10136-two-notch-rd,34.116876493815575,-80.8822889078416,South Carolina
1567,276 Harbison Blvd,Columbia,SC,29212,(803) 781-1040,sc/columbia/276-harbison-blvd,34.07253880270539,-81.15784679753591,South Carolina
,451 Killian Rd,Columbia,SC,29203,(803) 753-4025,sc/columbia/451-killian-rd,34.13965007886239,-80.95328467048544,South Carolina
1402,4840 Forest Dr,Columbia,SC,29206,(803) 738-8272,sc/columbia/4840-forest-dr,34.01834643064387,-80.96562437518847,South Carolina
2637,6070 Garners Ferry Rd,Columbia,SC,29209,(803) 776-6346,sc/columbia/6070-garners-ferry-rd,33.98314715551297,-80.96767498792485,South Carolina
1963,619 Gervais St,Columbia,SC,29201,(803) 223-7801,sc/columbia/619-gervais-st,33.99895231234734,-81.0428677251486,South Carolina
3576,3116 N Pleasantburg Dr,Greenville,SC,29609,(864) 535-5712,sc/greenville/3116-n-pleasantburg-dr,34.88875626452313,-82.39736382262949,South Carolina
3856,3645 Pelham Rd,Greenville,SC,29615,(864) 412-1030,sc/greenville/3645-pelham-rd,34.86058820658663,-82.26923970835162,South Carolina
1245,4 Market Point Dr,Greenville,SC,29607,(864) 234-6460,sc/greenville/4-market-point-dr,34.825918117476604,-82.29969289828165,South Carolina
1831,640 Haywood Rd,Greenville,SC,29607,(864) 234-5882,sc/greenville/640-haywood-rd,34.84862966154247,-82.33825955721704,South Carolina
,10092 Charlotte Hwy,Indian Land,SC,29707,(803) 548-7211,sc/indian-land/10092-charlotte-hwy,35.01174484366252,-80.85149542351691,South Carolina
,7680 Charlotte Hwy,Indian Land,SC,29707,(803) 258-0992,sc/indian-land/7680-charlotte-hwy,34.9353863,-80.83534010000001,South Carolina
2810,1000 S Commons Dr,Myrtle Beach,SC,29588,(843) 215-9457,sc/myrtle-beach/1000-s-commons-dr,33.6441978,-78.9868143,South Carolina
2023,1229 N Retail Ct,Myrtle Beach,SC,29577,(843) 443-4300,sc/myrtle-beach/1229-n-retail-ct,33.705001015787985,-78.92076681380632,South Carolina
2577,4953 Centre Pointe Dr,North Charleston,SC,29418,(843) 747-6707,sc/north-charleston/4953-centre-pointe-dr,32.87309348640124,-80.0203708444775,South Carolina
1780,7398 Rivers Ave,North Charleston,SC,29406,(843) 553-2106,sc/north-charleston/7398-rivers-ave,32.936885087282675,-80.03890802104684,South Carolina
,2316 Cherry Road,Rock Hill,SC,29732,(803) 980-0027,sc/rock-hill/2316-cherry-road,34.96711548939526,-80.99523508589648,South Carolina
,330 Herlong Ave,Rock Hill,SC,29732,(839) 274-0756,sc/rock-hill/330-herlong-ave,34.958537,-81.042293,South Carolina
1680,1490 Wo Ezell Blvd,Spartanburg,SC,29301,(864) 574-1305,sc/spartanburg/1490-wo-ezell-blvd,34.937743350180796,-81.98452933967639,South Carolina
3729,1855 E Main St,Spartanburg,SC,29307,(864) 435-8014,sc/spartanburg/1855-e-main-st,34.967273949471824,-81.8923087723873,South Carolina
3553,4035 W 41st St,Sioux Falls,SD,57106,(605) 231-5591,sd/sioux-falls/4035-w-41st-st,43.514260596382435,-96.77545404319042,South Dakota
4164,5300 E Arrowhead Pkwy,Sioux Falls,SD,57110,(605) 401-0356,sd/sioux-falls/5300-e-arrowhead-pkwy,43.54430435938075,-96.66105232051805,South Dakota
3719,20 Cherokee Blvd,Chattanooga,TN,37405,(423) 805-1063,tn/chattanooga/20-cherokee-blvd,35.06314169858129,-85.31002700169853,Tennessee
3546,2122 Gunbarrel Rd,Chattanooga,TN,37421,(423) 805-1057,tn/chattanooga/2122-gunbarrel-rd,35.034478,-85.152574,Tennessee
,2296 Madison St,Clarksville,TN,37043,(931) 436-2089,tn/clarksville/2296-madison-st,36.5074842115352,-87.27285519717267,Tennessee
1991,625 Kennedy Ln,Clarksville,TN,37040,(931) 906-2110,tn/clarksville/625-kennedy-ln,36.59816674818337,-87.2860759795567,Tennessee
1524,430 Cool Springs Blvd,Franklin,TN,37067,(615) 861-3989,tn/franklin/430-cool-springs-blvd,35.94519648518689,-86.82524327972135,Tennessee
3795,5041 Carothers Pkwy,Franklin,TN,37067,(629) 252-7002,tn/franklin/5041-carothers-pkwy,35.925353,-86.817309,Tennessee
2107,11380 Parkside Dr,Knoxville,TN,37934,(865) 671-3304,tn/knoxville/11380-parkside-dr,35.89931792103643,-84.16067117168302,Tennessee
1559,1701 Cumberland Ave,Knoxville,TN,37916,(865) 525-0585,tn/knoxville/1701-cumberland-ave,35.95662007191913,-83.93276326636419,Tennessee
2063,204 Advantage Pl,Knoxville,TN,37922,(865) 531-7029,tn/knoxville/204-advantage-pl,35.915835800377096,-84.08944114614714,Tennessee
2802,4829 N Broadway St,Knoxville,TN,37918,(865) 688-5438,tn/knoxville/4829-n-broadway-st,36.02624296993081,-83.92783765552252,Tennessee
2165,7600 Kingston Pike,Knoxville,TN,37919,(865) 407-2008,tn/knoxville/7600-kingston-pike,35.92430095947433,-84.03702542253802,Tennessee
3058,2046 Union Ave,Memphis,TN,38104,(901) 729-2640,tn/memphis/2046-union-ave,35.134744576509846,-89.99355518834324,Tennessee
,2825 N Germantown Pkwy,Memphis,TN,38133,(901) 883-4427,tn/memphis/2825-n-germantown-pkwy,35.202338051363476,-89.79285428465577,Tennessee
,4726 Summer Ave,Memphis,TN,38122,(901) 590-1839,tn/memphis/4726-summer-ave,35.14926001399854,-89.90307873446605,Tennessee
1587,5865 Poplar Ave,Memphis,TN,38119,(901) 416-1944,tn/memphis/5865-poplar-ave,35.10204317663258,-89.86573398523615,Tennessee
3442,2113 Memorial Blvd,Murfreesboro,TN,37129,(615) 439-6117,tn/murfreesboro/2113-memorial-blvd,35.88117269365336,-86.38441057423974,Tennessee
2067,479 N Thompson Ln,Murfreesboro,TN,37129,(615) 691-4264,tn/murfreesboro/479-n-thompson-ln,35.85564006237146,-86.43091842432705,Tennessee
3336,2032 Rosa L Parks Blvd,Nashville,TN,37228,(615) 732-0387,tn/nashville/2032-rosa-l-parks-blvd,36.18896044488927,-86.7979641124577,Tennessee
1370,2825 W End Ave,Nashville,TN,37203,(615) 320-1693,tn/nashville/2825-w-end-ave,36.14395937744334,-86.81323596037475,Tennessee
1389,3900 Hillsboro Pike,Nashville,TN,37215,(615) 292-9199,tn/nashville/3900-hillsboro-pike,36.10538479446771,-86.81272738595884,Tennessee
1687,400 21st Ave S,Nashville,TN,37203,(615) 777-0890,tn/nashville/400-21st-ave-s,36.14728080578421,-86.79887229013741,Tennessee
2709,6838 Charlotte Pike,Nashville,TN,37209,(615) 356-5860,tn/nashville/6838-charlotte-pike,36.13281495363497,-86.89434869747299,Tennessee
2787,731 Thompson Ln,Nashville,TN,37204,(615) 292-3311,tn/nashville/731-thompson-ln,36.11145284220455,-86.7666710932541,Tennessee
2040,96 White Bridge Pike,Nashville,TN,37205,(615) 522-0358,tn/nashville/96-white-bridge-pike,36.129420349432465,-86.85315095013192,Tennessee
464,103 Central Expy N,Allen,TX,75013,(972) 747-1731,tx/allen/103-central-expy-n,33.102906368481904,-96.67913171984497,Texas
3305,1985 Central Expy N,Allen,TX,75013,(469) 342-4002,tx/allen/1985-central-expy-n,33.1286736,-96.6621205,Texas
792,1390 S Cooper St,Arlington,TX,76013,(817) 860-0010,tx/arlington/1390-s-cooper-st,32.72220802037494,-97.11525655476862,Texas
343,2151 N Collins St,Arlington,TX,76011,(817) 459-0939,tx/arlington/2151-n-collins-st,32.768988551749565,-97.09679096319462,Texas
3567,4401 Little Rd,Arlington,TX,76016,(817) 775-1007,tx/arlington/4401-little-rd,32.67631862045719,-97.19676668889993,Texas
1323,5001 S Cooper St,Arlington,TX,76017,(817) 522-0012,tx/arlington/5001-s-cooper-st,32.6646603713919,-97.13353902665392,Texas
847,10515 N Mopac Expy,Austin,TX,78759,(512) 340-0090,tx/austin/10515-n-mopac-expy,30.389870212109194,-97.73331838615559,Texas
3328,1109 E 5th St,Austin,TX,78702,(512) 582-1444,tx/austin/1109-e-5th-st,30.263775241621744,-97.73218184831518,Texas
427,11301 Lakeline Blvd,Austin,TX,78717,(512) 331-8700,tx/austin/11301-lakeline-blvd,30.478278295341266,-97.80054318117658,Texas
973,1201 Barbara Jordan Blvd,Austin,TX,78723,(512) 495-9083,tx/austin/1201-barbara-jordan-blvd,30.304765900000014,-97.71010255276127,Texas
,12400 US-290,Austin,TX,78737,(512) 631-9136,tx/austin/12400-us-290,30.2080809,-97.9786361,Texas
3660,1616 E Oltorf St,Austin,TX,78741,(512) 582-1243,tx/austin/1616-e-oltorf-st,30.2337943270719,-97.73941062392522,Texas
262,1700 W Parmer Ln,Austin,TX,78727,(512) 837-0114,tx/austin/1700-w-parmer-ln,30.413091780700732,-97.68768976861061,Texas
2330,1920 E Riverside Dr,Austin,TX,78741,(512) 326-1975,tx/austin/1920-e-riverside-dr,30.243266889691053,-97.72812088110004,Texas
92,2230 Guadalupe St,Austin,TX,78705,(512) 320-0238,tx/austin/2230-guadalupe-st,30.285652501561877,-97.74203879584996,Texas
1723,2320 S Lamar Blvd,Austin,TX,78704,(512) 582-9578,tx/austin/2320-s-lamar-blvd,30.247625825192163,-97.77547723670978,Texas
1326,2700 W Anderson Ln,Austin,TX,78757,(512) 687-0014,tx/austin/2700-w-anderson-ln,30.358604082456843,-97.73472524263705,Texas
56,4400 N Lamar Blvd,Austin,TX,78756,(512) 419-9898,tx/austin/4400-n-lamar-blvd,30.31258234041304,-97.73861281575586,Texas
3527,5000 W Slaughter Ln,Austin,TX,78749,(512) 582-1445,tx/austin/5000-w-slaughter-ln,30.200536858640184,-97.86399181056514,Texas
620,610 E Stassney Ln,Austin,TX,78745,(512) 707-0969,tx/austin/610-e-stassney-ln,30.201279,-97.768482,Texas
874,6301 W Parmer Ln,Austin,TX,78729,(512) 996-9538,tx/austin/6301-w-parmer-ln,30.445695668751405,-97.74414628874985,Texas
3434,7710 N FM 620 Rd,Austin,TX,78726,(512) 690-7004,tx/austin/7710-n-fm-620-rd,30.411292201902054,-97.85095810854625,Texas
501,801 Congress Ave.,Austin,TX,78701,(512) 391-1668,tx/austin/801-congress-ave,30.269935955415495,-97.74166665290772,Texas
1008,9600 S Interstate 35,Austin,TX,78748,(512) 291-1057,tx/austin/9600-s-interstate-35,30.160624810523018,-97.79146050202571,Texas
,10404 Interstate 10 E,Baytown,TX,77523,(281) 573-0367,tx/baytown/10404-interstate-10-e,29.820348754326613,-94.89851133804608,Texas
2145,4996 Garth Rd,Baytown,TX,77521,(281) 421-4071,tx/baytown/4996-garth-rd,29.779714675711965,-94.97723263903993,Texas
3458,12621 South Fwy,Burleson,TX,76028,(682) 235-1088,tx/burleson/12621-south-fwy,32.576174,-97.31853079999999,Texas
4173,828 SW Wilshire Blvd.,Burleson,TX,76028,(682) 235-1134,tx/burleson/828-sw-wilshire-blvd,32.5313253,-97.3383378,Texas
,1437 Wellborn Road,College Station,TX,77840,(979) 307-5083,tx/college-station/1437-wellborn-road,30.5905912,-96.3306102,Texas
1490,1505 University Dr E,College Station,TX,77840,(979) 260-4824,tx/college-station/1505-university-dr-e,30.639326849384823,-96.31749008297261,Texas
408,815 University Dr,College Station,TX,77840,(979) 260-2282,tx/college-station/815-university-dr,30.622352430522085,-96.34132144171622,Texas
1469,1301 W Davis St,Conroe,TX,77304,(936) 756-8555,tx/conroe/1301-w-davis-st,30.315250580273876,-95.47347412919379,Texas
3000,3085 College Park Dr,Conroe,TX,77384,(936) 271-2088,tx/conroe/3085-college-park-dr,30.206299583819565,-95.46357811391391,Texas
2398,17400 Spring Cypress Rd,Cypress,TX,77429,(832) 497-4051,tx/cypress/17400-spring-cypress-rd,29.972796631525803,-95.69147356378278,Texas
2798,28920 Highway 290,Cypress,TX,77433,(281) 758-4828,tx/cypress/28920-highway-290,29.993208417481572,-95.75139280579982,Texas
2800,9202 Barker Cypress Rd,Cypress,TX,77433,(281) 463-4987,tx/cypress/9202-barker-cypress-rd,29.911691608983062,-95.68546899994502,Texas
314,11613 N Central Expy,Dallas,TX,75243,(214) 890-0903,tx/dallas/11613-n-central-expy,32.90796925345059,-96.77063553926945,Texas
60,11930 Preston Rd,Dallas,TX,75230,(972) 789-1900,tx/dallas/11930-preston-rd,32.91141546745944,-96.80302352362804,Texas
2816,12747 Midway Rd,Dallas,TX,75244,(972) 247-2837,tx/dallas/12747-midway-rd,32.92135201493165,-96.83873005092619,Texas
1808,14715 Coit Road,Dallas,TX,75254,(972) 349-8147,tx/dallas/14715-coit-road,32.94971005009115,-96.7694870613596,Texas
1616,18152 Preston Rd,Dallas,TX,75252,(972) 596-3724,tx/dallas/18152-preston-rd,32.99912051097389,-96.79672475128814,Texas
2132,2201 Abrams Rd,Dallas,TX,75214,(214) 377-3348,tx/dallas/2201-abrams-rd,32.81639867465875,-96.75316056941733,Texas
3602,2242 Fort Worth Ave,Dallas,TX,75211,(214) 453-8289,tx/dallas/2242-fort-worth-ave,32.7606609,-96.8590141,Texas
3489,2401 Victory Park Lane,Dallas,TX,75219,(214) 453-8267,tx/dallas/2401-victory-park-lane,32.78780058871777,-96.80960013721882,Texas
3065,2427 W Mockingbird Lane,Dallas,TX,75235,(214) 366-0102,tx/dallas/2427-w-mockingbird-lane,32.8273184,-96.84550449999999,Texas
38,2705 McKinney Ave,Dallas,TX,75204,(214) 871-3100,tx/dallas/2705-mckinney-ave,32.79815887964381,-96.801636222801,Texas
2749,3701 W Northwest Hwy,Dallas,TX,75220,(214) 350-0160,tx/dallas/3701-w-northwest-hwy,32.8611292637474,-96.85722227698363,Texas
3322,39779 Lyndon B Johnson Fwy,Dallas,TX,75237,(972) 780-5247,tx/dallas/39779-lyndon-b-johnson-fwy,32.65037453251277,-96.86557890929112,Texas
401,4330 Lemmon Ave,Dallas,TX,75219,(214) 520-7650,tx/dallas/4330-lemmon-ave,32.81777982328553,-96.81203523007679,Texas
1282,4502 McKinney Ave,Dallas,TX,75205,(214) 302-2500,tx/dallas/4502-mckinney-ave,32.8210299595842,-96.78812207853889,Texas
665,5290 Belt Line Rd,Dallas,TX,75254,(972) 934-8580,tx/dallas/5290-belt-line-rd,32.95365354893855,-96.81785665678063,Texas
3292,6471 E Northwest Hwy,Dallas,TX,75231,(214) 890-9740,tx/dallas/6471-e-northwest-hwy,32.857369753269765,-96.74963615088528,Texas
560,7700 N Central Expy,Dallas,TX,75206,(469) 232-0963,tx/dallas/7700-n-central-expy,32.85747964872176,-96.76962788009601,Texas
3526,8018 Park Ln,Dallas,TX,75231,(214) 453-8266,tx/dallas/8018-park-ln,32.8705513,-96.769036,Texas
2036,8687 N Central Expy,Dallas,TX,75225,(214) 615-3887,tx/dallas/8687-n-central-expy,32.868515411724374,-96.77347709691914,Texas
3303,9291 Garland Rd,Dallas,TX,75218,(214) 453-8268,tx/dallas/9291-garland-rd,32.8313482203883,-96.70607440921,Texas
1902,1224 W Hickory St,Denton,TX,76201,(940) 808-1073,tx/denton/1224-w-hickory-st,33.214834756000165,-97.1462038984788,Texas
432,1800 S Loop 288,Denton,TX,76205,(940) 565-0990,tx/denton/1800-s-loop-288,33.19178013778966,-97.10028990995329,Texas
2625,2735 W University Dr,Denton,TX,76201,(940) 243-0762,tx/denton/2735-w-university-dr,33.22937520536596,-97.1686388800768,Texas
2675,10771 Gateway South Boulevard,El Paso,TX,79934,(915) 822-2968,tx/el-paso/10771-gateway-south-boulevard,31.924679201421224,-106.4390276896865,Texas
3720,12101 Eastlake Blvd,El Paso,TX,79928,(915) 234-1007,tx/el-paso/12101-eastlake-blvd,31.687398388196982,-106.26625559680252,Texas
1923,1355 George Dieter Dr,El Paso,TX,79936,(915) 245-3425,tx/el-paso/1355-george-dieter-dr,31.72901513784342,-106.30409300859833,Texas
,1875 N Zaragoza Rd,El Paso,TX,79936,(915) 455-2304,tx/el-paso/1875-n-zaragoza-rd,31.75872958121952,-106.2719365296445,Texas
1781,2900 N Mesa St,El Paso,TX,79902,(915) 351-9361,tx/el-paso/2900-n-mesa-st,31.778901397239974,-106.50403437500631,Texas
4337,3540 N Zaragoza Rd,El Paso,TX,79938,(915) 232-9600,tx/el-paso/3540-n-zaragoza-rd,31.7945551,-106.2327809,Texas
3181,6450 N Desert Blvd,El Paso,TX,79912,(915) 875-8271,tx/el-paso/6450-n-desert-blvd,31.885933344503865,-106.58057623802871,Texas
2921,6801 N Mesa St,El Paso,TX,79912,(915) 842-8588,tx/el-paso/6801-n-mesa-st,31.834340484283178,-106.54604851537897,Texas
1966,8889 Gateway Blvd W,El Paso,TX,79925,(915) 317-5818,tx/el-paso/8889-gateway-blvd-w,31.77095547091679,-106.37467546767328,Texas
3525,1900 Long Prairie Rd,Flower Mound,TX,75022,(469) 293-9542,tx/flower-mound/1900-long-prairie-rd,33.010914662341186,-97.07008449386413,Texas
1456,6100 Long Prairie Rd,Flower Mound,TX,75028,(469) 528-6100,tx/flower-mound/6100-long-prairie-rd,33.069564850254636,-97.08189163016883,Texas
,13040 Saginaw Blvd,Fort Worth,TX,76179,(682) 267-9128,tx/fort-worth/13040-saginaw-blvd,32.9660102,-97.41996999999999,Texas
2676,1519 W Rosedale St,Fort Worth,TX,76104,(817) 885-7465,tx/fort-worth/1519-w-rosedale-st,32.732792680944435,-97.34312148834323,Texas
2525,2901 Heritage Trace Pkwy,Fort Worth,TX,76177,(817) 741-6480,tx/fort-worth/2901-heritage-trace-pkwy,32.91513637046171,-97.31380646595596,Texas
93,3050 S Hulen St,Fort Worth,TX,76109,(817) 735-8355,tx/fort-worth/3050-s-hulen-st,32.706379819325015,-97.38893187951123,Texas
3548,3460 Highway 114,Fort Worth,TX,76177,(682) 514-0006,tx/fort-worth/3460-highway-114,33.02571065475162,-97.28474165704972,Texas
3379,4200 Highway 360,Fort Worth,TX,76155,(817) 803-7061,tx/fort-worth/4200-highway-360,32.8240426,-97.0602447,Texas
660,4484 Bryant Irvin Rd,Fort Worth,TX,76132,(817) 735-4506,tx/fort-worth/4484-bryant-irvin-rd,32.6847621,-97.41457915305841,Texas
,5252 Golden Triangle Blvd,Fort Worth,TX,76244,(817) 380-3181,tx/fort-worth/5252-golden-triangle-blvd,32.9318434121065,-97.27003308004282,Texas
,5745 S Hulen St,Fort Worth,TX,76132,(682) 235-1131,tx/fort-worth/5745-s-hulen-st,32.664711835453936,-97.4013286655671,Texas
,6301 N Beach St,Fort Worth,TX,76137,(682) 354-9754,tx/fort-worth/6301-n-beach-st,32.859006090108686,-97.29047870735235,Texas
1697,6370 Camp Bowie Blvd,Fort Worth,TX,76116,(817) 840-3904,tx/fort-worth/6370-camp-bowie-blvd,32.72654837118204,-97.42188401339693,Texas
3077,6706 Westworth Blvd,Fort Worth,TX,76114,(817) 763-8123,tx/fort-worth/6706-westworth-blvd,32.75514510641753,-97.42941963926944,Texas
3377,7100 Blue Mound Rd,Fort Worth,TX,76131,(682) 235-1083,tx/fort-worth/7100-blue-mound-rd,32.8699575,-97.3420637,Texas
3833,1525 US Highway 380,Frisco,TX,75033,(972) 347-4938,tx/frisco/1525-us-highway-380,33.218191805418954,-96.87670248637555,Texas
101,3401 Preston Rd,Frisco,TX,75034,(972) 668-1540,tx/frisco/3401-preston-rd,33.10745854038339,-96.8062154938658,Texas
3329,4770 Eldorado Pkwy,Frisco,TX,75033,(469) 287-9052,tx/frisco/4770-eldorado-pkwy,33.17585137201801,-96.84539186502973,Texas
2829,6111 Custer Rd,Frisco,TX,75035,(469) 854-6471,tx/frisco/6111-custer-rd,33.12776146981556,-96.73395279447743,Texas
3258,6851 Warren Pkwy,Frisco,TX,75034,(469) 362-8077,tx/frisco/6851-warren-pkwy,33.106239630673784,-96.82465950368749,Texas
4331,8847 Coit Rd,Frisco,TX,75035,(469) 956-5244,tx/frisco/8847-coit-rd,33.15070325158445,-96.76837781615015,Texas
3238,1220 Arkansas Ln,Grand Prairie,TX,75052,(972) 522-7658,tx/grand-prairie/1220-arkansas-ln,32.706107,-97.023461,Texas
1715,4095 S Carrier Pkwy,Grand Prairie,TX,75052,(972) 400-4243,tx/grand-prairie/4095-s-carrier-pkwy,32.673794386655544,-97.0061871619539,Texas
3182,10701 North Fwy,Houston,TX,77037,(281) 820-8976,tx/houston/10701-north-fwy,29.919970435550074,-95.41359305617722,Texas
1303,10905 Louetta Rd,Houston,TX,77070,(281) 826-5005,tx/houston/10905-louetta-rd,29.99637339724258,-95.57682462822436,Texas
3129,11150 Northwest Fwy,Houston,TX,77092,(713) 680-9539,tx/houston/11150-northwest-fwy,29.818959430860108,-95.46689206895587,Texas
2140,1120 Eldridge Pkwy,Houston,TX,77077,(281) 617-3232,tx/houston/1120-eldridge-pkwy,29.768375472138295,-95.62411770080138,Texas
271,11805 Westheimer Rd,Houston,TX,77077,(281) 759-4290,tx/houston/11805-westheimer-rd,29.736036021471985,-95.58611052441677,Texas
3882,12210 FM 1960 Rd W,Houston,TX,77065,(832) 688-7002,tx/houston/12210-fm-1960-rd-w,29.923994496952954,-95.60136354354037,Texas
2279,1249 North Loop W,Houston,TX,77008,(281) 605-2227,tx/houston/1249-north-loop-w,29.81201583543358,-95.42221542813525,Texas
252,1260 Fry Rd,Houston,TX,77084,(281) 646-8588,tx/houston/1260-fry-rd,29.787664891055833,-95.71834045276125,Texas
,12625 State Highway 249,Houston,TX,77086,(346) 642-4853,tx/houston/12625-state-highway-249,29.911632336287436,-95.48176102770924,Texas
1004,12888 Queensbury Ln,Houston,TX,77024,(713) 343-0521,tx/houston/12888-queensbury-ln,29.77928897838685,-95.56197111115948,Texas
2963,13630 East Fwy,Houston,TX,77015,(713) 453-0004,tx/houston/13630-east-fwy,29.769732086066256,-95.18189099785042,Texas
170,13768 Northwest Fwy,Houston,TX,77040,(713) 996-9047,tx/houston/13768-northwest-fwy,29.854006683004286,-95.51295789254442,Texas
3260,14309 E Sam Houston Pkwy N,Houston,TX,77044,(281) 459-3631,tx/houston/14309-e-sam-houston-pkwy-n,29.92843571703452,-95.20377695034927,Texas
3408,15710 N Fwy,Houston,TX,77090,(281) 982-8010,tx/houston/15710-n-fwy,29.9950199,-95.4239349,Texas
478,2027 S Shepherd Dr,Houston,TX,77019,(713) 529-4950,tx/houston/2027-s-shepherd-dr,29.747076764379297,-95.41027795337294,Texas
1894,207 Heights Blvd,Houston,TX,77007,(713) 904-2213,tx/houston/207-heights-blvd,29.77467296890716,-95.39791268067108,Texas
2162,2625 Lousiana St,Houston,TX,77006,(713) 231-1353,tx/houston/2625-lousiana-st,29.74631540995962,-95.37628624342074,Texas
2284,303 Memorial City,Houston,TX,77024,(281) 605-1083,tx/houston/303-memorial-city,29.781231506881298,-95.53815818159732,Texas
388,3819 Richmond Ave,Houston,TX,77027,(713) 439-1188,tx/houston/3819-richmond-ave,29.732255303620068,-95.4390570160025,Texas
,3943 Little York Rd,Houston,TX,77093,(281) 912-6076,tx/houston/3943-little-york-rd,29.870411997641988,-95.32747327497589,Texas
2620,5015 Westheimer Rd,Houston,TX,77056,(713) 396-7261,tx/houston/5015-westheimer-rd,29.7390096,-95.4625181,Texas
249,5176 Richmond Ave,Houston,TX,77056,(832) 675-0086,tx/houston/5176-richmond-ave,29.732010929108483,-95.46632791932888,Texas
95,5600 Kirby Dr,Houston,TX,77005,(713) 666-9769,tx/houston/5600-kirby-dr,29.721896775927558,-95.4189828183791,Texas
3493,5706 San Felipe St,Houston,TX,77057,(713) 496-1103,tx/houston/5706-san-felipe-st,29.750653248186843,-95.4773072245369,Texas
1429,5866 E Sam Houston Pkwy N,Houston,TX,77049,(281) 661-4759,tx/houston/5866-e-sam-houston-pkwy-n,29.809999984774027,-95.16251515855743,Texas
201,6600 Fannin St,Houston,TX,77030,(713) 792-9390,tx/houston/6600-fannin-st,29.70976298340492,-95.40112300305844,Texas
1930,6887 Hwy 6 N,Houston,TX,77084,(281) 861-3074,tx/houston/6887-hwy-6-n,29.8770303,-95.645839,Texas
2817,7457 Southwest Fwy,Houston,TX,77074,(713) 774-0524,tx/houston/7457-southwest-fwy,29.6984393601729,-95.51829240530594,Texas
163,7600 Cypress Creek Pkwy,Houston,TX,77070,(832) 237-2449,tx/houston/7600-cypress-creek-pkwy,29.964277587541257,-95.54351830775269,Texas
948,8401 Westheimer Rd,Houston,TX,77063,(713) 784-4246,tx/houston/8401-westheimer-rd,29.736511145816372,-95.51441324860595,Texas
1298,8505 Main St,Houston,TX,77025,(713) 630-8100,tx/houston/8505-main-st,29.690926969548617,-95.41590986674855,Texas
347,909 Texas St,Houston,TX,77002,(713) 225-6633,tx/houston/909-texas-st,29.76056069972303,-95.36278911786536,Texas
2201,9102 W Sam Houston Pkwy N,Houston,TX,77064,(281) 720-0245,tx/houston/9102-w-sam-houston-pkwy-n,29.903817925109188,-95.55149931717926,Texas
3624,9319 Highway 6 S,Houston,TX,77083,(281) 912-6132,tx/houston/9319-highway-6-s,29.677582367116358,-95.64274540430053,Texas
833,10035 FM 1960 Bypass Rd W,Humble,TX,77338,(281) 446-1077,tx/humble/10035-fm-1960-bypass-rd-w,30.005855130622237,-95.26930923754679,Texas
1287,7418 FM 1960 Rd E,Humble,TX,77346,(281) 812-0451,tx/humble/7418-fm-1960-rd-e,29.997412779125252,-95.16401613435858,Texas
1212,118 E John Carpenter Fwy,Irving,TX,75062,(972) 957-3100,tx/irving/118-e-john-carpenter-fwy,32.86575260830199,-96.94360213130017,Texas
393,2800 N Belt Line Rd,Irving,TX,75062,(972) 870-0915,tx/irving/2800-n-belt-line-rd,32.84434954140385,-96.99201492700098,Texas
330,7717 N Macarthur Blvd,Irving,TX,75063,(972) 501-9925,tx/irving/7717-n-macarthur-blvd,32.912332401722345,-96.95943050491087,Texas
2774,8445 N Belt Line Rd,Irving,TX,75063,(972) 915-6918,tx/irving/8445-n-belt-line-rd,32.92209956246857,-96.99437746686476,Texas
2290,1427 S Mason Rd,Katy,TX,77450,(281) 578-2264,tx/katy/1427-s-mason-rd,29.76147219589731,-95.75115943130015,Texas
3881,23660 Westheimer Pkwy,Katy,TX,77494,(346) 527-0254,tx/katy/23660-westheimer-pkwy,29.7343425,-95.7769547,Texas
2970,24600 Katy Fwy,Katy,TX,77494,(281) 347-3307,tx/katy/24600-katy-fwy,29.78736833,-95.79278617,Texas
,2812 W Grand Parkway N,Katy,TX,77449,(281) 769-5691,tx/katy/2812-w-grand-parkway-n,29.814868894464354,-95.77125556516148,Texas
,2555 E League City Pkwy,League City,TX,77573,(281) 549-5104,tx/league-city/2555-e-league-city-pkwy,29.50319545947999,-95.04297688217137,Texas
3681,2760 Gulf Fwy S,League City,TX,77573,(832) 769-0026,tx/league-city/2760-gulf-fwy-s,29.470165774629475,-95.0930490783624,Texas
344,2605 S Stemmons Fwy,Lewisville,TX,75067,(972) 315-3694,tx/lewisville/2605-s-stemmons-fwy,33.000506762173316,-96.96263327263182,Texas
2851,5040 State Highway 121,Lewisville,TX,75056,(972) 370-0005,tx/lewisville/5040-state-highway-121,33.06905993944726,-96.87929592586352,Texas
406,722 W Main St,Lewisville,TX,75067,(469) 549-4964,tx/lewisville/722-w-main-st,33.046062442729756,-97.01036565459634,Texas
,11909 Quaker Ave,Lubbock,TX,79424,(806) 758-4086,tx/lubbock/11909-quaker-ave,33.485459,-101.904269,Texas
1506,2411 Glenna Goodacre Blvd,Lubbock,TX,79401,(806) 744-4503,tx/lubbock/2411-glenna-goodacre-blvd,33.58806110178705,-101.86945481372567,Texas
2651,2912 W Loop 289,Lubbock,TX,79407,(806) 784-0083,tx/lubbock/2912-w-loop-289,33.5674303,-101.9448363,Texas
,7715 Milwaukee Ave,Lubbock,TX,79424,(806) 853-6508,tx/lubbock/7715-milwaukee-ave,33.523489296778756,-101.95651064554659,Texas
1606,8201 Quaker Ave,Lubbock,TX,79424,(806) 783-0211,tx/lubbock/8201-quaker-ave,33.518337487317915,-101.90323280183507,Texas
1788,1971 Highway 287 N,Mansfield,TX,76063,(682) 518-9936,tx/mansfield/1971-highway-287-n,32.595479689621165,-97.14808758130016,Texas
,3040 E Broad St,Mansfield,TX,76063,(682) 222-9004,tx/mansfield/3040-e-broad-st,32.5726262712223,-97.08898463552698,Texas
2582,3400 W Expressway 83,McAllen,TX,78501,(956) 631-2662,tx/mcallen/3400-w-expressway-83,26.196055304241376,-98.26066409300279,Texas
2708,7300 N 10th St,McAllen,TX,78504,(956) 618-9851,tx/mcallen/7300-n-10th-st,26.268511142803426,-98.21823643871524,Texas
1132,2014 W University Dr,McKinney,TX,75071,(972) 548-1542,tx/mckinney/2014-w-university-dr,33.21805073973246,-96.63831677664555,Texas
633,2811 Craig Dr,McKinney,TX,75072,(972) 542-7337,tx/mckinney/2811-craig-dr,33.172880931900956,-96.64155760825211,Texas
3558,5151 W University Dr,McKinney,TX,75071,(469) 247-0016,tx/mckinney/5151-w-university-dr,33.21774444236216,-96.68120131507271,Texas
,125 US-80 E,Mesquite,TX,75150,(214) 453-8260,tx/mesquite/125-us-80-e,32.79150449967073,-96.59707412450723,Texas
465,1715 N Town East Blvd,Mesquite,TX,75150,(972) 686-9078,tx/mesquite/1715-n-town-east-blvd,32.81120818583242,-96.62445162331352,Texas
2242,5100 Rufe Snow Dr,North Richland Hills,TX,76180,(817) 581-3778,tx/north-richland-hills/5100-rufe-snow-dr,32.84105522442013,-97.2380210685006,Texas
424,9127 Grapevine Hwy,North Richland Hills,TX,76180,(817) 428-9770,tx/north-richland-hills/9127-grapevine-hwy,32.853435253660344,-97.19022933470222,Texas
3140,3635 Spencer Hwy,Pasadena,TX,77504,(713) 910-0928,tx/pasadena/3635-spencer-hwy,29.66570771126684,-95.18771544684184,Texas
359,5759 Fairmont Pkwy,Pasadena,TX,77505,(281) 991-1600,tx/pasadena/5759-fairmont-pkwy,29.650488,-95.152645,Texas
1582,10645 Broadway St,Pearland,TX,77584,(281) 810-4103,tx/pearland/10645-broadway-st,29.55646862599789,-95.38645022622433,Texas
2470,2680 Pearland Pkwy,Pearland,TX,77581,(281) 485-5458,tx/pearland/2680-pearland-pkwy,29.558162313704297,-95.26174591777362,Texas
94,1009 N Central Expy,Plano,TX,75075,(972) 423-5115,tx/plano/1009-n-central-expy,33.015728764482816,-96.70928159427835,Texas
4260,3391 Renner Rd,Plano,TX,75074,(945) 800-9651,tx/plano/3391-renner-rd,32.99755786295048,-96.66872805214959,Texas
3130,340 Coit Rd,Plano,TX,75075,(972) 312-9048,tx/plano/340-coit-rd,33.00220425258227,-96.7671159926424,Texas
244,4901 W Park Blvd,Plano,TX,75093,(469) 467-9900,tx/plano/4901-w-park-blvd,33.027518628031146,-96.79243630213222,Texas
2997,500 E Spring Creek Pkwy,Plano,TX,75074,(972) 379-3353,tx/plano/500-e-spring-creek-pkwy,33.056632415094946,-96.69338614293957,Texas
1734,5717 Legacy Dr,Plano,TX,75024,(972) 398-8800,tx/plano/5717-legacy-dr,33.078462553788945,-96.82029510459466,Texas
1481,6202 W Park Blvd,Plano,TX,75093,(214) 302-2339,tx/plano/6202-w-park-blvd,33.02704160337276,-96.83295899467657,Texas
3773,6917 Independence Pkwy,Plano,TX,75023,(972) 805-4609,tx/plano/6917-independence-pkwy,33.0709999,-96.7506929,Texas
3450,1420 E Belt Line Rd,Richardson,TX,75081,(214) 453-8249,tx/richardson/1420-e-belt-line-rd,32.9450568,-96.6993234,Texas
396,283 W Campbell Rd,Richardson,TX,75080,(972) 907-1712,tx/richardson/283-w-campbell-rd,32.97504255000001,-96.72105988528483,Texas
3402,19235 W Bellfort St,Richmond,TX,77407,(832) 278-4001,tx/richmond/19235-w-bellfort-st,29.660333776353713,-95.71354039817061,Texas
,25226 Farm To Market 1093,Richmond,TX,77494,(832) 913-5400,tx/richmond/25226-farm-to-market-1093,29.698183356691345,-95.81449793387867,Texas
,7111 FM 1464 Rd,Richmond,TX,77407,(346) 521-3620,tx/richmond/7111-fm-1464-rd,29.700606195495812,-95.68722807995529,Texas
117,150 Sundance Pkwy,Round Rock,TX,78681,(512) 828-0788,tx/round-rock/150-sundance-pkwy,30.48325672047101,-97.6818482718545,Texas
3702,17100 N Rm 620 Rd,Round Rock,TX,78681,(512) 582-1239,tx/round-rock/17100-n-rm-620-rd,30.497482,-97.657471,Texas
2363,201 University Oaks Blvd,Round Rock,TX,78665,(512) 590-8970,tx/round-rock/201-university-oaks-blvd,30.5563973712386,-97.68795111869535,Texas
4213,3515 S Jackson St,San Angelo,TX,76904,(325) 276-4698,tx/san-angelo/3515-s-jackson-st,31.431527674893918,-100.45662546779313,Texas
4144,5590 Sherwood Way,San Angelo,TX,76904,(325) 610-6052,tx/san-angelo/5590-sherwood-way,31.428631019573423,-100.51248708220902,Texas
1071,11411 Bandera Rd,San Antonio,TX,78250,(210) 520-2027,tx/san-antonio/11411-bandera-rd,29.548638340410395,-98.66490609456966,Texas
569,11745 W Interstate 10,San Antonio,TX,78230,(210) 699-4392,tx/san-antonio/11745-w-interstate-10,29.54918001887703,-98.58353364859026,Texas
592,1201 N Loop 1604 W,San Antonio,TX,78258,(210) 493-2875,tx/san-antonio/1201-n-loop-1604-w,29.609498769446724,-98.50963592376061,Texas
4430,14218 Potranco Road,San Antonio,TX,78245,(726) 237-4751,tx/san-antonio/14218-potranco-road,29.42086376906182,-98.77515094360051,Texas
3629,17202 Bulverde Rd,San Antonio,TX,78247,(210) 514-1006,tx/san-antonio/17202-bulverde-rd,29.596686,-98.41919689999999,Texas
2754,190 W Bitters Rd,San Antonio,TX,78216,(210) 494-0002,tx/san-antonio/190-w-bitters-rd,29.566235414632036,-98.48478935346452,Texas
2753,22106 US Highway 281 N,San Antonio,TX,78258,(210) 497-6135,tx/san-antonio/22106-us-highway-281-n,29.647014944265884,-98.4499956227719,Texas
,2741 SW Military Dr,San Antonio,TX,78224,(210) 514-1008,tx/san-antonio/2741-sw-military-dr,29.35714043483151,-98.54056254184735,Texas
,3155 SE Military Dr,San Antonio,TX,78223,(210) 514-1010,tx/san-antonio/3155-se-military-dr,29.352322165767383,-98.43722606397851,Texas
582,3928 Broadway,San Antonio,TX,78209,(210) 832-9812,tx/san-antonio/3928-broadway,29.462380587453715,-98.46551453497028,Texas
3551,407 W Loop 1604 S,San Antonio,TX,78245,(210) 460-4396,tx/san-antonio/407-w-loop-1604-s,29.428154816040056,-98.71238224378324,Texas
971,438 NW Loop 410,San Antonio,TX,78216,(210) 340-0571,tx/san-antonio/438-nw-loop-410,29.519529,-98.500848,Texas
1910,4727 Medical Dr,San Antonio,TX,78229,(210) 200-6359,tx/san-antonio/4727-medical-dr,29.51045188324642,-98.5784071718,Texas
3160,5623 W Loop 1604 N,San Antonio,TX,78253,(210) 688-9082,tx/san-antonio/5623-w-loop-1604-n,29.493572120975607,-98.70634238580446,Texas
,6302 FM 78,San Antonio,TX,78244,(210) 514-1009,tx/san-antonio/6302-fm-78,29.4790969,-98.36255299999999,Texas
480,7322 Jones Maltsberger Rd,San Antonio,TX,78209,(210) 832-9444,tx/san-antonio/7322-jones-maltsberger-rd,29.49808918855949,-98.47998543619366,Texas
4143,7989 Bandera Rd,San Antonio,TX,78250,(726) 262-6014,tx/san-antonio/7989-bandera-rd,29.51431446933324,-98.63451979259838,Texas
,8206 I-35 North,San Antonio,TX,78239,(726) 237-4743,tx/san-antonio/8206-i-35-north,29.512475407202103,-98.39611065887814,Texas
927,8227 State Highway 151,San Antonio,TX,78245,(210) 521-0672,tx/san-antonio/8227-state-highway-151,29.43634152481535,-98.64941488757847,Texas
2786,849 E Commerce St,San Antonio,TX,78205,(210) 222-0005,tx/san-antonio/849-e-commerce-st,29.423775292258338,-98.4870172089782,Texas
2799,1020 Center Point Rd,San Marcos,TX,78666,(512) 396-0264,tx/san-marcos/1020-center-point-rd,29.82700651541191,-97.98527113943594,Texas
1028,401 N Lbj Dr,San Marcos,TX,78666,(512) 392-7577,tx/san-marcos/401-n-lbj-dr,29.885570732955124,-97.9410343192481,Texas
2364,2310 W Southlake Blvd,Southlake,TX,76092,(817) 562-2972,tx/southlake/2310-w-southlake-blvd,32.937594923367534,-97.18685334999998,Texas
97,3010 E Southlake Blvd,Southlake,TX,76092,(817) 748-4745,tx/southlake/3010-e-southlake-blvd,32.93898401218177,-97.10398534258411,Texas
3704,1400 Lake Plaza Drive,Spring,TX,77389,(832) 948-1032,tx/spring/1400-lake-plaza-drive,30.0996603,-95.4421018,Texas
2381,1600 Louetta Rd,Spring,TX,77388,(281) 602-3500,tx/spring/1600-louetta-rd,30.066242492392394,-95.43773217048897,Texas
3447,4053 Riley Fuzzel Rd,Spring,TX,77386,(832) 948-1031,tx/spring/4053-riley-fuzzel-rd,30.11841920411364,-95.3797073645016,Texas
3039,6615 N Grand Pkwy W,Spring,TX,77389,(832) 717-0113,tx/spring/6615-n-grand-pkwy-w,30.088626676419224,-95.52151292101581,Texas
3646,760 Sawdust Rd,Spring,TX,77380,(832) 948-1041,tx/spring/760-sawdust-rd,30.1264633,-95.455045,Texas
3448,8675 Spring Cypress Rd,Spring,TX,77379,(832) 843-5091,tx/spring/8675-spring-cypress-rd,30.0347257,-95.5534837,Texas
376,9595 Six Pines Dr,Spring,TX,77380,(281) 296-2772,tx/spring/9595-six-pines-dr,30.164299020040254,-95.46182716808815,Texas
3002,11249 W Airport Blvd,Stafford,TX,77477,(281) 242-0643,tx/stafford/11249-w-airport-blvd,29.643167468197408,-95.57569052220454,Texas
,3549 S. Main Street,Stafford,TX,77477,(346) 585-2007,tx/stafford/3549-s-main-street,29.6193758,-95.5666261,Texas
1988,19832 Southwest Fwy,Sugar Land,TX,77479,(281) 201-3873,tx/sugar-land/19832-southwest-fwy,29.563687640746473,-95.68421766532686,Texas
770,2280 Lone Star Dr,Sugar Land,TX,77479,(281) 980-6622,tx/sugar-land/2280-lone-star-dr,29.594050948457106,-95.6228088116568,Texas
1395,3550 S General Bruce Dr,Temple,TX,76504,(254) 742-1209,tx/temple/3550-s-general-bruce-dr,31.092525,-97.385601,Texas
,7121 W Adams Ave,Temple,TX,76502,(254) 483-3235,tx/temple/7121-w-adams-ave,31.1174661,-97.418129,Texas
2794,14067 FM 2920 Rd,Tomball,TX,77377,(281) 516-9380,tx/tomball/14067-fm-2920-rd,30.08897603562675,-95.63463575438186,Texas
,25640 Kuykendahl Rd,Tomball,TX,77375,(346) 534-4025,tx/tomball/25640-kuykendahl-rd,30.13304604266238,-95.5527187913911,Texas
1613,4751 S Broadway Ave,Tyler,TX,75703,(903) 534-6266,tx/tyler/4751-s-broadway-ave,32.297187250499924,-95.30180172024126,Texas
4330,8916 South Broadway Ave,Tyler,TX,75703,(430) 288-5466,tx/tyler/8916-south-broadway-ave,32.2511578,-95.3077356,Texas
1117,1115 N Valley Mills Dr,Waco,TX,76710,(254) 741-9400,tx/waco/1115-n-valley-mills-dr,31.531182177607963,-97.187874202893,Texas
2811,721 S 4th St,Waco,TX,76706,(254) 752-0001,tx/waco/721-s-4th-st,31.551890477671467,-97.12456136840706,Texas
,1011 E 2100 S,Salt Lake City,UT,84106,(801) 467-1311,ut/salt-lake-city/1011-e-2100-s,40.72566691962199,-111.86202174049282,Utah
,734 E 400 S,Salt Lake City,UT,84102,(801) 359-4535,ut/salt-lake-city/734-e-400-s,40.7604034882927,-111.8699723818627,Utah
,1687 W Sunset Blvd,St George,UT,84770,(435) 922-4541,ut/st-george/1687-w-sunset-blvd,37.122370035150894,-113.61985870495768,Utah
,231 Red Cliffs Dr,St George,UT,84790,(435) 628-9182,ut/st-george/231-red-cliffs-dr,37.11188431853365,-113.55449525678955,Utah
2217,3425 Richmond Hwy,Alexandria,VA,22305,(571) 255-6044,va/alexandria/3425-richmond-hwy,38.83577204029435,-77.05128232681159,Virginia
930,4531 Duke St,Alexandria,VA,22304,(703) 370-2152,va/alexandria/4531-duke-st,38.81305685985754,-77.11067564171617,Virginia
288,5955 Kingstowne Towne Ctr,Alexandria,VA,22315,(703) 924-6018,va/alexandria/5955-kingstowne-towne-ctr,38.76988804384921,-77.1396962828207,Virginia
245,601 King St,Alexandria,VA,22314,(703) 548-5169,va/alexandria/601-king-st,38.8050703,-77.0459232,Virginia
2541,6242 Little River Tpke,Alexandria,VA,22312,(703) 750-0434,va/alexandria/6242-little-river-tpke,38.81827130983776,-77.1418976174894,Virginia
710,6770 Richmond Hwy,Alexandria,VA,22306,(703) 660-9214,va/alexandria/6770-richmond-hwy,38.77062540769473,-77.08223283711988,Virginia
2473,1002 S Glebe Rd,Arlington,VA,22204,(703) 746-6381,va/arlington/1002-s-glebe-rd,38.86095153042362,-77.09225477984495,Virginia
1845,1100 S Hayes St,Arlington,VA,22202,(571) 858-4005,va/arlington/1100-s-hayes-st,38.862207,-77.06141,Virginia
106,2231 Crystal Dr,Arlington,VA,22202,(703) 920-8779,va/arlington/2231-crystal-dr,38.85382862955688,-77.04859887533256,Virginia
,3017 Clarendon Blvd,Arlington,VA,22201,(703) 650-9673,va/arlington/3017-clarendon-blvd,38.88750347275299,-77.09444825639375,Virginia
323,4300 Wilson Blvd,Arlington,VA,22203,(703) 243-9488,va/arlington/4300-wilson-blvd,38.87984041620726,-77.11231187086474,Virginia
1861,4520 Cherry Hill Rd,Arlington,VA,22207,(571) 858-4160,va/arlington/4520-cherry-hill-rd,38.898357478221705,-77.11875103497027,Virginia
2456,19825 Belmont Chase Dr,Ashburn,VA,20147,(703) 729-5599,va/ashburn/19825-belmont-chase-dr,39.0677368,-77.4852798,Virginia
781,43660 Yukon Dr,Ashburn,VA,20147,(703) 729-9530,va/ashburn/43660-yukon-dr,39.01075754698244,-77.49098802331355,Virginia
1354,314 N Main St,Blacksburg,VA,24060,(540) 552-3860,va/blacksburg/314-n-main-st,37.23107897750108,-80.41518156554082,Virginia
2971,868 Prices Fork Rd,Blacksburg,VA,24060,(540) 552-0190,va/blacksburg/868-prices-fork-rd,37.23196876193986,-80.43152228752683,Virginia
3116,14383 Newbrook Dr,Chantilly,VA,20151,(703) 263-1823,va/chantilly/14383-newbrook-dr,38.87752,-77.44253,Virginia
334,14416 Chantilly Crossing Ln,Chantilly,VA,20151,(703) 961-0688,va/chantilly/14416-chantilly-crossing-ln,38.897549443474965,-77.4434719429396,Virginia
4074,1511 University Ave,Charlottesville,VA,22903,(434) 326-1847,va/charlottesville/1511-university-ave,38.03496259744687,-78.50033994594304,Virginia
2406,2040 Abbey Rd,Charlottesville,VA,22911,(434) 984-1512,va/charlottesville/2040-abbey-rd,38.02911073744564,-78.44408036716408,Virginia
798,953 Emmet St N,Charlottesville,VA,22903,(434) 872-0212,va/charlottesville/953-emmet-st-n,38.049163080800646,-78.503676312518,Virginia
3361,100 Coastal Way,Chesapeake,VA,23320,(757) 389-8414,va/chesapeake/100-coastal-way,36.76613814808548,-76.25230873636126,Virginia
3229,4116 Portsmouth Blvd,Chesapeake,VA,23321,(757) 465-2341,va/chesapeake/4116-portsmouth-blvd,36.82432862005752,-76.41216115529873,Virginia
1440,836 Eden Way N,Chesapeake,VA,23320,(757) 361-3911,va/chesapeake/836-eden-way-n,36.7749085071385,-76.23204902147846,Virginia
,15668 Hull Street Road,Chesterfield,VA,23832,(804) 735-0434,va/chesterfield/15668-hull-street-road,37.4012064,-77.7024172,Virginia
3573,9873 Iron Bridge Rd,Chesterfield,VA,23832,(804) 318-4773,va/chesterfield/9873-iron-bridge-rd,37.3767087,-77.511084,Virginia
456,11062 Main St,Fairfax,VA,22030,(703) 934-7099,va/fairfax/11062-main-st,38.852612873969555,-77.32727303024956,Virginia
350,11939 Grand Commons Ave,Fairfax,VA,22030,(703) 222-7344,va/fairfax/11939-grand-commons-ave,38.8576587874658,-77.3574997508897,Virginia
1234,13042 Fair Lakes Shopping Ctr,Fairfax,VA,22033,(703) 222-1117,va/fairfax/13042-fair-lakes-shopping-ctr,38.857262715999944,-77.3943492073576,Virginia
3057,4477 Aquia Creek Lane,Fairfax,VA,22030,(571) 459-2152,va/fairfax/4477-aquia-creek-lane,38.8298781,-77.3077386,Virginia
1478,9506 Main St,Fairfax,VA,22031,(571) 328-5485,va/fairfax/9506-main-st,38.84302202271205,-77.27349491043339,Virginia
2646,3556B S Jefferson St,Falls Church,VA,22041,(703) 379-1727,va/falls-church/3556b-s-jefferson-st,38.847969595624114,-77.12087859508915,Virginia
1431,358 W Broad St,Falls Church,VA,22046,(703) 534-8301,va/falls-church/358-w-broad-st,38.88506553636872,-77.17454793561899,Virginia
722,6299 Seven Corners Ctr,Falls Church,VA,22044,(703) 534-6464,va/falls-church/6299-seven-corners-ctr,38.87056065104985,-77.15308051315981,Virginia
983,8191 Strawberry Ln,Falls Church,VA,22042,(571) 423-5150,va/falls-church/8191-strawberry-ln,38.87204268402257,-77.22827960684096,Virginia
2396,1601 Emancipation Hwy,Fredericksburg,VA,22401,(540) 373-9628,va/fredericksburg/1601-emancipation-hwy,38.29925743730688,-77.48370064187338,Virginia
2455,28 S Gateway Dr,Fredericksburg,VA,22406,(540) 479-3593,va/fredericksburg/28-s-gateway-dr,38.3430155,-77.4942938,Virginia
218,3051 Plank Rd,Fredericksburg,VA,22401,(540) 548-4554,va/fredericksburg/3051-plank-rd,38.29646905037003,-77.51342006564141,Virginia
1109,5420 Southpoint Plaza Way,Fredericksburg,VA,22407,(540) 710-6040,va/fredericksburg/5420-southpoint-plaza-way,38.23177702030394,-77.50234737729818,Virginia
,5621 Plank Road,Fredericksburg,VA,22407,(540) 701-1721,va/fredericksburg/5621-plank-road,38.291728,-77.56476099999999,Virginia
460,10501 W Broad St,Glen Allen,VA,23060,(804) 290-7804,va/glen-allen/10501-w-broad-st,37.64585660419979,-77.57969911350915,Virginia
883,1070 Virginia Center Pkwy,Glen Allen,VA,23059,(804) 553-0335,va/glen-allen/1070-virginia-center-pkwy,37.667186293823704,-77.45888314843307,Virginia
2932,5300 Wyndham Forest Dr,Glen Allen,VA,23059,(804) 270-1021,va/glen-allen/5300-wyndham-forest-dr,37.6825662860214,-77.5877532297879,Virginia
517,1144 Elden St,Herndon,VA,20170,(703) 435-3325,va/herndon/1144-elden-st,38.9636858598346,-77.39905367972841,Virginia
1270,13354 Franklin Farm Rd,Herndon,VA,20171,(703) 435-4715,va/herndon/13354-franklin-farm-rd,38.90789469556738,-77.40875420078737,Virginia
1539,1001 Edwards Ferry Rd NE,Leesburg,VA,20176,(703) 777-8928,va/leesburg/1001-edwards-ferry-rd-ne,39.113182695629774,-77.53693910888802,Virginia
,510 Compass Point Plaza,Leesburg,VA,20175,(571) 449-8153,va/leesburg/510-compass-point-plaza,39.08399199999999,-77.56250399999999,Virginia
3072,3901 Old Forest Rd,Lynchburg,VA,24501,(434) 385-0328,va/lynchburg/3901-old-forest-rd,37.39774047254329,-79.22341665093205,Virginia
1834,4010 Wards Rd,Lynchburg,VA,24502,(434) 237-6931,va/lynchburg/4010-wards-rd,37.345215569590096,-79.18886798984857,Virginia
4462,7920 Timberlake Rd,Lynchburg,VA,24502,(434) 771-5722,va/lynchburg/7920-timberlake-rd,37.35051177973046,-79.22874880509296,Virginia
317,7311 Sudley Rd,Manassas,VA,20109,(703) 365-0213,va/manassas/7311-sudley-rd,38.79699420293512,-77.51718170077817,Virginia
729,9511 Liberia Ave,Manassas,VA,20110,(703) 530-0010,va/manassas/9511-liberia-ave,38.749187459185784,-77.44888590368748,Virginia
1754,6707 Old Dominion Dr,McLean,VA,22101,(571) 533-1815,va/mclean/6707-old-dominion-dr,38.93315931098376,-77.17617715686004,Virginia
1554,7923 L Tysons Corner Center,McLean,VA,22102,(703) 288-3890,va/mclean/7923-l-tysons-corner-center,38.9175319,-77.2206992,Virginia
636,13300 Rittenhouse Dr,Midlothian,VA,23112,(804) 744-5242,va/midlothian/13300-rittenhouse-dr,37.415543658106756,-77.64118396502971,Virginia
,14171 Midlothian Tpke,Midlothian,VA,23113,(804) 566-3590,va/midlothian/14171-midlothian-tpke,37.50602,-77.66527,Virginia
1248,12300 Jefferson Ave,Newport News,VA,23602,(757) 882-8313,va/newport-news/12300-jefferson-ave,37.11264944428229,-76.4956119766865,Virginia
3185,12386 Warwick Blvd,Newport News,VA,23606,(757) 596-0134,va/newport-news/12386-warwick-blvd,37.067188612637665,-76.491524693202,Virginia
2823,1087 N Military Hwy,Norfolk,VA,23502,(757) 351-0625,va/norfolk/1087-n-military-hwy,36.858586358947946,-76.2103812811639,Virginia
3249,132 E Little Creek Rd,Norfolk,VA,23505,(757) 351-4401,va/norfolk/132-e-little-creek-rd,36.91527,-76.27139,Virginia
1678,1501 Colley Ave,Norfolk,VA,23517,(757) 314-1113,va/norfolk/1501-colley-ave,36.86805813582091,-76.29812225950718,Virginia
3620,4712 Hampton Blvd,Norfolk,VA,23508,(757) 802-3914,va/norfolk/4712-hampton-blvd,36.886696975282604,-76.30217672546696,Virginia
960,11440 Midlothian Tpke,North Chesterfield,VA,23235,(804) 379-2791,va/north-chesterfield/11440-midlothian-tpke,37.506017,-77.607333,Virginia
2272,7106 Midlothian Tpke,North Chesterfield,VA,23225,(804) 292-2995,va/north-chesterfield/7106-midlothian-tpke,37.501364537045085,-77.52837289362071,Virginia
1801,11160 S Lakes Dr,Reston,VA,20191,(571) 392-7746,va/reston/11160-s-lakes-dr,38.938525426424974,-77.33054753224621,Virginia
1284,11913 Freedom Dr,Reston,VA,20190,(703) 435-5795,va/reston/11913-freedom-dr,38.95922168831271,-77.35677484970284,Virginia
285,12152 Sunset Hills Rd,Reston,VA,20190,(703) 435-0888,va/reston/12152-sunset-hills-rd,38.95488123579651,-77.36619755887813,Virginia
1975,10 N Nansemond St,Richmond,VA,23221,(804) 977-6368,va/richmond/10-n-nansemond-st,37.55678478552328,-77.48612850547171,Virginia
525,11728 W Broad St,Richmond,VA,23233,(804) 360-8033,va/richmond/11728-w-broad-st,37.653716849464715,-77.61575217937167,Virginia
855,4930 W Broad St,Richmond,VA,23230,(804) 282-4081,va/richmond/4930-w-broad-st,37.584582788510524,-77.49660022879061,Virginia
4221,505 Hull St,Richmond,VA,23224,(804) 799-9599,va/richmond/505-hull-st,37.52456149581466,-77.43884305276127,Virginia
2324,7000 Forest Ave,Richmond,VA,23230,(804) 288-2129,va/richmond/7000-forest-ave,37.603282311665836,-77.52520518467315,Virginia
1191,810 West Grace Street,Richmond,VA,23220,(804) 254-9425,va/richmond/810-west-grace-street,37.54943990038801,-77.45013182763006,Virginia
3118,8675 Quioccasin Rd,Richmond,VA,23229,(804) 750-2050,va/richmond/8675-quioccasin-rd,37.60278568740781,-77.56671856634235,Virginia
1832,8955 Staples Mill Rd,Richmond,VA,23228,(804) 200-4725,va/richmond/8955-staples-mill-rd,37.63779712511851,-77.51171212116674,Virginia
1602,2011 Colonial Ave SW,Roanoke,VA,24015,(540) 342-3102,va/roanoke/2011-colonial-ave-sw,37.25570529518856,-79.95494302974492,Virginia
,3661 Blue Hills Village Dr NE,Roanoke,VA,24012,(540) 904-4022,va/roanoke/3661-blue-hills-village-dr-ne,37.30880656353621,-79.887809536211,Virginia
,4464 Electric Rd,Roanoke,VA,24018,(540) 283-0763,va/roanoke/4464-electric-rd,37.2310702,-79.97596759999999,Virginia
3331,4753 Valley View Blvd NW,Roanoke,VA,24012,(540) 904-1615,va/roanoke/4753-valley-view-blvd-nw,37.30094525224347,-79.95713240811843,Virginia
2422,6500 Springfield Mall,Springfield,VA,22150,(571) 255-6814,va/springfield/6500-springfield-mall,38.77447651555552,-77.17432308172911,Virginia
787,7108 Old Keene Mill Rd,Springfield,VA,22150,(703) 644-6982,va/springfield/7108-old-keene-mill-rd,38.77909892608172,-77.18998112192043,Virginia
1467,8066 Rolling Rd,Springfield,VA,22153,(571) 499-4050,va/springfield/8066-rolling-rd,38.74030936838895,-77.213077,Virginia
2251,100 Prosperity Ln,Stafford,VA,22556,(540) 659-1275,va/stafford/100-prosperity-ln,38.469337600134786,-77.41188161962606,Virginia
,810 Wonder Rd,Stafford,VA,22554,(540) 930-4810,va/stafford/810-wonder-rd,38.4239593,-77.43087349999999,Virginia
777,21031 Tripleseven Rd,Sterling,VA,20165,(703) 421-5079,va/sterling/21031-tripleseven-rd,39.034638300612784,-77.40711172003778,Virginia
3001,47010 Community Plz,Sterling,VA,20164,(703) 444-6106,va/sterling/47010-community-plz,39.01558932516208,-77.37516254241585,Virginia
506,213 Maple Ave E,Vienna,VA,22180,(703) 255-1100,va/vienna/213-maple-ave-e,38.90349963331779,-77.26204589003753,Virginia
2109,8461 Leesburg Pike,Vienna,VA,22182,(571) 326-1608,va/vienna/8461-leesburg-pike,38.924895422755014,-77.23988395567187,Virginia
2294,1724 Laskin Rd,Virginia Beach,VA,23454,(757) 422-2702,va/virginia-beach/1724-laskin-rd,36.85093909811026,-76.02367390062903,Virginia
4240,2201 Upton Dr,Virginia Beach,VA,23454,(757) 720-1440,va/virginia-beach/2201-upton-dr,36.75600400791804,-76.00784921962605,Virginia
1387,2701 N Mall Dr,Virginia Beach,VA,23452,(757) 463-2458,va/virginia-beach/2701-n-mall-dr,36.819534279272204,-76.06787956282287,Virginia
1156,300 Constitution Dr,Virginia Beach,VA,23462,(757) 671-9460,va/virginia-beach/300-constitution-dr,36.84452434446941,-76.1297396158518,Virginia
2908,3380 Princess Anne Rd,Virginia Beach,VA,23456,(757) 468-0170,va/virginia-beach/3380-princess-anne-rd,36.77565186785343,-76.08842089589051,Virginia
3559,5399 Kempsriver Dr,Virginia Beach,VA,23464,(757) 769-8989,va/virginia-beach/5399-kempsriver-dr,36.79982346760201,-76.17867361889724,Virginia
,120 Merchant St,Winchester,VA,22603,(540) 546-1005,va/winchester/120-merchant-st,39.220646555249445,-78.13303591286615,Virginia
1110,2012 S Pleasant Valley Rd,Winchester,VA,22601,(540) 667-9534,va/winchester/2012-s-pleasant-valley-rd,39.16185433676167,-78.16800420858101,Virginia
2875,1926 Daniel Stuart Square,Woodbridge,VA,22191,(703) 492-6590,va/woodbridge/1926-daniel-stuart-square,38.632073571586254,-77.27463675520801,Virginia
677,2457 Prince William Pkwy,Woodbridge,VA,22192,(703) 490-9746,va/woodbridge/2457-prince-william-pkwy,38.652732984445386,-77.28606066868281,Virginia
1694,4269 Merchant Plz,Woodbridge,VA,22192,(703) 580-6738,va/woodbridge/4269-merchant-plz,38.6734070000571,-77.335093316351,Virginia
469,10503 NE 4th St,Bellevue,WA,98004,(425) 467-0660,wa/bellevue/10503-ne-4th-st,47.61354952147016,-122.19978445305844,Washington
1364,1328 156th Ave NE,Bellevue,WA,98007,(425) 214-0011,wa/bellevue/1328-156th-ave-ne,47.62161660322066,-122.13187887635456,Washington
3490,376 116th Ave NE,Bellevue,WA,98004,(425) 748-7340,wa/bellevue/376-116th-ave-ne,47.6126799,-122.1853223,Washington
2575,4000 Factoria Blvd SE,Bellevue,WA,98006,(425) 641-4664,wa/bellevue/4000-factoria-blvd-se,47.5744267,-122.1689921,Washington
2573,1102 N Columbia Center Blvd,Kennewick,WA,99336,(509) 735-4125,wa/kennewick/1102-n-columbia-center-blvd,46.22120030045436,-119.2231980926424,Washington
,3631 Plaza Way,Kennewick,WA,99338,(509) 396-2204,wa/kennewick/3631-plaza-way,46.1783938,-119.1886767,Washington
2595,1177 Marvin Rd NE,Lacey,WA,98516,(360) 438-1022,wa/lacey/1177-marvin-rd-ne,47.05785190866636,-122.76505570742631,Washington
3941,4002 Pacific Ave SE,Lacey,WA,98503,(360) 539-3227,wa/lacey/4002-pacific-ave-se,47.039741687240685,-122.8353915700386,Washington
,5116 Yelm Hwy SE,Lacey,WA,98503,(360) 339-4611,wa/lacey/5116-yelm-hwy-se,46.9971372683161,-122.81873776944602,Washington
2264,3000 184th St SW,Lynnwood,WA,98037,(425) 412-4015,wa/lynnwood/3000-184th-st-sw,47.82990132263442,-122.27458442143929,Washington
688,4120 196th St SW,Lynnwood,WA,98036,(425) 776-7549,wa/lynnwood/4120-196th-st-sw,47.82068429853369,-122.28900541104508,Washington
3623,10115 167th St Ct E,Puyallup,WA,98375,(253) 693-4539,wa/puyallup/10115-167th-st-ct-e,47.1046714,-122.2940992,Washington
2413,12011 Meridian E,Puyallup,WA,98373,(253) 445-7374,wa/puyallup/12011-meridian-e,47.14671834653428,-122.29253940082396,Washington
2935,12725 Lake City Way NE,Seattle,WA,98125,(206) 367-1688,wa/seattle/12725-lake-city-way-ne,47.721877963844044,-122.29420685276125,Washington
1984,1415 Broadway,Seattle,WA,98122,(206) 512-3500,wa/seattle/1415-broadway,47.613409980561705,-122.32103553584659,Washington
1363,1501 4th Ave,Seattle,WA,98101,(206) 204-0121,wa/seattle/1501-4th-ave,47.610001744916026,-122.33767491715571,Washington
4527,1827 15th Ave W,Seattle,WA,98119,(206) 445-1909,wa/seattle/1827-15th-ave-w,47.635434789087576,-122.37710122346265,Washington
2228,212 Westlake Ave N,Seattle,WA,98109,(206) 673-9967,wa/seattle/212-westlake-ave-n,47.62033584700713,-122.33808066410347,Washington
2574,2626 NE 46th St,Seattle,WA,98105,(206) 525-2147,wa/seattle/2626-ne-46th-st,47.66190855000001,-122.29873468159735,Washington
1083,401 NE Northgate Way,Seattle,WA,98125,(206) 362-0285,wa/seattle/401-ne-northgate-way,47.705029747252695,-122.3266388510943,Washington
578,4229 University Way NE,Seattle,WA,98105,(206) 547-4644,wa/seattle/4229-university-way-ne,47.65923993614187,-122.31340227422237,Washington
2554,4730 California Ave SW,Seattle,WA,98116,(206) 932-5993,wa/seattle/4730-california-ave-sw,47.5601,-122.386392,Washington
,1706 W Francis Ave,Spokane,WA,99205,(509) 960-5644,wa/spokane/1706-w-francis-ave,47.71566,-117.436896,Washington
1544,930 N Division St,Spokane,WA,99202,(509) 344-2706,wa/spokane/930-n-division-st,47.665820115658654,-117.41073624723873,Washington
3802,9602 N Newport Hwy,Spokane,WA,99218,(509) 724-2300,wa/spokane/9602-n-newport-hwy,47.74593741241486,-117.40439600607073,Washington
,9926 West Sunset Highway,Spokane,WA,99224,(509) 606-4389,wa/spokane/9926-west-sunset-highway,47.643723,-117.549604,Washington
,209 N Sullivan Rd,Spokane Valley,WA,99037,(509) 418-5072,wa/spokane-valley/209-n-sullivan-rd,47.659105494011165,-117.1972461417162,Washington
,8909 E Trent Ave,Spokane Valley,WA,99212,(509) 606-4382,wa/spokane-valley/8909-e-trent-ave,47.68106750737446,-117.2846118891446,Washington
,15211 Pacific Ave S,Tacoma,WA,98444,(253) 550-1881,wa/tacoma/15211-pacific-ave-s,47.11902638124119,-122.43426713000444,Washington
,4301 S Steele St,Tacoma,WA,98409,(253) 777-1711,wa/tacoma/4301-s-steele-st,47.21807029010544,-122.46711447546191,Washington
1144,17250 Southcenter Pkwy,Tukwila,WA,98188,(425) 207-0300,wa/tukwila/17250-southcenter-pkwy,47.448967683529375,-122.26207683041241,Washington
2270,2800 Southcenter Mall,Tukwila,WA,98188,(206) 673-9972,wa/tukwila/2800-southcenter-mall,47.45862380000001,-122.2586111,Washington
2652,11600 SE Mill Plain Blvd,Vancouver,WA,98684,(360) 896-5342,wa/vancouver/11600-se-mill-plain-blvd,45.6214169421172,-122.55359078690799,Washington
,14003 NE 10th Ave,Vancouver,WA,98685,(564) 236-1201,wa/vancouver/14003-ne-10th-ave,45.7231119,-122.6607474,Washington
,14321 NE Fourth Plain Blvd,Vancouver,WA,98682,(360) 450-2685,wa/vancouver/14321-ne-fourth-plain-blvd,45.671809695893955,-122.52543660556424,Washington
2715,4311 NE Thurston Way,Vancouver,WA,98662,(360) 896-7270,wa/vancouver/4311-ne-thurston-way,45.65360081813512,-122.5866631534077,Washington
2382,7715 NE 5th Ave,Vancouver,WA,98665,(360) 719-5602,wa/vancouver/7715-ne-5th-ave,45.67822343816543,-122.666919755545,Washington
796,915 SE 164th Ave,Vancouver,WA,98683,(360) 256-2355,wa/vancouver/915-se-164th-ave,45.61381203874579,-122.50363044107195,Washington
,1001 Pennsylvania Ave NW,Washington,DC,20004,(202) 925-5791,dc/washington/1001-pennsylvania-ave-nw,38.89599,-77.02616,
2543,1010 Vermont Ave NW,Washington,DC,20005,(202) 637-3205,dc/washington/1010-vermont-ave-nw,38.90307389151005,-77.03401239145376,
1579,1045 5th St NW,Washington,DC,20001,(202) 697-4293,dc/washington/1045-5th-st-nw,38.903136696383804,-77.01876441410354,
2881,1255 1st Street SE,Washington,DC,20003,(202) 554-3520,dc/washington/1255-1st-street-se,38.8754508,-77.0061574,
,1300 Connecticut Ave NW,Washington,DC,20036,(202) 350-9580,dc/washington/1300-connecticut-ave-nw,38.90749998897926,-77.04268517301772,
2039,1508 14th St NW,Washington,DC,20005,(202) 627-1951,dc/washington/1508-14th-st-nw,38.91001562423281,-77.0322537570604,
3225,1571 Alabama Ave SE,Washington,DC,20032,(202) 678-4965,dc/washington/1571-alabama-ave-se,38.846545,-76.9804408,
1973,2000 Pennsylvania Ave NW,Washington,DC,20006,(202) 706-6761,dc/washington/2000-pennsylvania-ave-nw,38.90050702857545,-77.04512683189448,
1969,2300 Washington Place NE,Washington,DC,20018,(202) 269-0394,dc/washington/2300-washington-place-ne,38.92087579854115,-76.99399773025749,
2377,2301 Georgia Ave NW,Washington,DC,20001,(202) 319-1391,dc/washington/2301-georgia-ave-nw,38.921088173581566,-77.02186473189448,
1484,2338 Wisconsin Ave NW,Washington,DC,20007,(202) 706-7508,dc/washington/2338-wisconsin-ave-nw,38.92088642312824,-77.07224392907904,
3146,2430 Market St NE,Washington,DC,20018,(202) 636-3938,dc/washington/2430-market-st-ne,38.92008677731572,-76.9531451626177,
102,2600 Connecticut Ave NW,Washington,DC,20008,(202) 299-9111,dc/washington/2600-connecticut-ave-nw,38.923720749113194,-77.05200642514859,
1390,3113 14th St NW,Washington,DC,20010,(202) 939-2801,dc/washington/3113-14th-st-nw,38.92966776539402,-77.03242066655025,
3823,3240 Pennsylvania Ave SE,Washington,DC,20020,(771) 444-6010,dc/washington/3240-pennsylvania-ave-se,38.86962729717327,-76.95939434534124,
449,3255 M St NW,Washington,DC,20007,(202) 333-8377,dc/washington/3255-m-st-nw,38.90537966123385,-77.06456310491086,
1318,40 Massachusetts Ave NE,Washington,DC,20002,(202) 706-5935,dc/washington/40-massachusetts-ave-ne,38.89788833,-77.00473833,
1691,413 8th Street SE,Washington,DC,20003,(202) 464-3390,dc/washington/413-8th-street-se,38.88325378024,-76.99527470000436,
154,4301 Wisconsin Ave NW,Washington,DC,20016,(202) 237-0602,dc/washington/4301-wisconsin-ave-nw,38.94501612903519,-77.07775348625711,
2479,50 Massachusetts Ave NE,Washington,DC,20002,(202) 682-1861,dc/washington/50-massachusetts-ave-ne,38.89775616415922,-77.00834115983653,
2565,625 Monroe St NE,Washington,DC,20017,(202) 636-4213,dc/washington/625-monroe-st-ne,38.931966683382306,-76.99705103932646,
,710 7th St NW,Washington,DC,20001,(202) 540-8346,dc/washington/710-7th-st-nw,38.8989526,-77.0221044,
,117 Foxtown Road,Morgantown,WV,26508,(304) 244-5242,wv/morgantown/117-foxtown-road,39.6496973,-79.9017411,West Virginia
2578,17 Chaplin Rd,Morgantown,WV,26501,(304) 599-4519,wv/morgantown/17-chaplin-rd,39.657422932124994,-80.00229898406178,West Virginia
3465,461 High St,Morgantown,WV,26505,(304) 212-6538,wv/morgantown/461-high-st,39.63169386233135,-79.9544905434286,West Virginia
558,15375 W Bluemound Rd,Brookfield,WI,53005,(262) 796-0463,wi/brookfield/15375-w-bluemound-rd,43.03557472015407,-88.10423969800041,Wisconsin
618,3705 N 124th St,Brookfield,WI,53005,(262) 781-3692,wi/brookfield/3705-n-124th-st,43.085626589412634,-88.06692203233285,Wisconsin
1905,4738 Golf Rd,Eau Claire,WI,54701,(715) 514-3304,wi/eau-claire/4738-golf-rd,44.77458461020226,-91.43800273328452,Wisconsin
,941 W Clairemont Ave,Eau Claire,WI,54701,(715) 598-2337,wi/eau-claire/941-w-clairemont-ave,44.79236665388414,-91.51232608910405,Wisconsin
2204,4000 University Ave,Madison,WI,53705,(608) 233-4305,wi/madison/4000-university-ave,43.075889035302595,-89.45386077025512,Wisconsin
1106,4628 E Washington Ave,Madison,WI,53704,(608) 242-7334,wi/madison/4628-e-washington-ave,43.130517297701566,-89.30578264632987,Wisconsin
312,658 State St,Madison,WI,53703,(608) 250-4613,wi/madison/658-state-st,43.07506277628318,-89.39661036255706,Wisconsin
3459,7066 Sligo Dr,Madison,WI,53717,(608) 820-2492,wi/madison/7066-sligo-dr,43.0612536,-89.5036969,Wisconsin
441,3232 S 27th St,Milwaukee,WI,53215,(414) 389-1380,wi/milwaukee/3232-s-27th-st,42.98619265476245,-87.94778426628909,Wisconsin
313,600 E Ogden Ave,Milwaukee,WI,53202,(414) 223-4710,wi/milwaukee/600-e-ogden-ave,43.04836219466346,-87.90452498470785,Wisconsin
3804,1289 US Highway 72 E,Athens,AL,35611,(256) 867-2327,al/athens/1289-us-highway-72-e,34.78535934639692,-86.94589462768734,Alabama
1735,346 W Magnolia Ave,Auburn,AL,36832,(334) 821-7740,al/auburn/346-w-magnolia-ave,32.606812966051244,-85.48732833164195,Alabama
3512,1821 Cherokee Ave SW,Cullman,AL,35055,(256) 727-5348,al/cullman/1821-cherokee-ave-sw,34.154133767344916,-86.84122007667406,Alabama
,914 Van Ave,Daphne,AL,36526,(251) 426-7633,al/daphne/914-van-ave,30.597490456498328,-87.89898115761713,Alabama
3518,1109 Beltline Rd SE,Decatur,AL,35601,(256) 280-3833,al/decatur/1109-beltline-rd-se,34.5614662,-86.9756546,Alabama
,3473 Ross Clark Drive,Dothan,AL,36303,(334) 340-1105,al/dothan/3473-ross-clark-drive,31.24643258273472,-85.42845362334822,Alabama
,2862 S. McKenzie Street,Foley,AL,36536,(251) 943-2500,al/foley/2862-s-mckenzie-street,30.372761,-87.683311,Alabama
3739,616 Gayle St,Gardendale,AL,35071,(659) 246-1040,al/gardendale/616-gayle-st,33.651179,-86.825568,Alabama
4187,273 Lakeshore Pkwy,Homewood,AL,35209,(205) 203-1062,al/homewood/273-lakeshore-pkwy,33.44560101843525,-86.82538206989966,Alabama
1796,5900 University Dr NW,Huntsville,AL,35806,(256) 895-7761,al/huntsville/5900-university-dr-nw,34.7423160647275,-86.66577473182507,Alabama
2037,2560 Berryhill Rd,Montgomery,AL,36117,(334) 450-2888,al/montgomery/2560-berryhill-rd,32.35917687650774,-86.16225285227608,Alabama
2530,2125 Interstate Dr,Opelika,AL,36801,(334) 737-0056,al/opelika/2125-interstate-dr,32.616808752194316,-85.40447876717928,Alabama
,30 Commons Way,Oxford,AL,36203,(256) 848-1007,al/oxford/30-commons-way,33.608458514136515,-85.7867789298938,Alabama
2216,2566 Cobbs Ford Rd,Prattville,AL,36066,(334) 285-0040,al/prattville/2566-cobbs-ford-rd,32.459169,-86.391343,Alabama
2542,1031 Montgomery Hwy,Vestavia Hills,AL,35216,(205) 823-1053,al/vestavia-hills/1031-montgomery-hwy,33.439069161673594,-86.78828456747647,Alabama
861,9925 W McDowell Rd,Avondale,AZ,85392,(623) 907-1122,az/avondale/9925-w-mcdowell-rd,33.464389688565106,-112.27317616931153,Arizona
923,944 S Watson Rd,Buckeye,AZ,85326,(623) 691-6919,az/buckeye/944-s-watson-rd,33.43822778341178,-112.55837977052872,Arizona
1427,1775 E Florence Blvd,Casa Grande,AZ,85122,(520) 421-4457,az/casa-grande/1775-e-florence-blvd,32.8791300574308,-111.71123532758008,Arizona
3429,5355 E Carefree Hwy,Cave Creek,AZ,85331,(602) 325-3394,az/cave-creek/5355-e-carefree-hwy,33.798760042857715,-111.96635746382505,Arizona
3432,18725 S Nogales Hwy,Green Valley,AZ,85614,(520) 468-6356,az/green-valley/18725-s-nogales-hwy,31.909951,-110.9799733,Arizona
2042,3455 N Stockton Hill Rd,Kingman,AZ,86409,(928) 757-2610,az/kingman/3455-n-stockton-hill-rd,35.22399203679119,-114.03705752131305,Arizona
1897,55 Lake Havasu Ave S,Lake Havasu City,AZ,86403,(928) 680-0540,az/lake-havasu-city/55-lake-havasu-ave-s,34.47168615086052,-114.34267294474495,Arizona
2049,5130 W Baseline Rd,Laveen,AZ,85339,(602) 777-5072,az/laveen/5130-w-baseline-rd,33.379389711654824,-112.16905083754398,Arizona
2371,5940 W Arizona Pavillions Dr,Marana,AZ,85743,(520) 744-5012,az/marana/5940-w-arizona-pavillions-dr,32.354884717102536,-111.09165199846211,Arizona
2457,21423 N John Wayne Pkwy,Maricopa,AZ,85139,(520) 374-0331,az/maricopa/21423-n-john-wayne-pkwy,33.07352392871503,-112.04274078834322,Arizona
4541,337 W Mariposa Rd,Nogales,AZ,85621,(520) 839-0133,az/nogales/337-w-mariposa-rd,31.36627384478192,-110.93666202592973,Arizona
2590,10604 N Oracle Rd,Oro Valley,AZ,85737,(520) 797-5510,az/oro-valley/10604-n-oracle-rd,32.3987337,-110.9557397,Arizona
,108 S Beeline Hwy,Payson,AZ,85541,(928) 267-0745,az/payson/108-s-beeline-hwy,34.23940128234288,-111.3236345160877,Arizona
1711,351 N Montezuma St,Prescott,AZ,86301,(928) 778-0525,az/prescott/351-n-montezuma-st,34.54663162772478,-112.46924604662706,Arizona
2507,5791 E State Route 69,Prescott Valley,AZ,86314,(928) 277-8299,az/prescott-valley/5791-e-state-route-69,34.578132604857586,-112.36259867771062,Arizona
4377,1371 W Hunt Hwy,San Tan Valley,AZ,85143,(480) 870-5311,az/san-tan-valley/1371-w-hunt-hwy,33.175902,-111.58097,Arizona
2623,361 Forest Rd,Sedona,AZ,86336,(928) 282-5800,az/sedona/361-forest-rd,34.8684072035899,-111.76191730343372,Arizona
1476,480 N Highway 90 Byp,Sierra Vista,AZ,85635,(520) 459-3562,az/sierra-vista/480-n-highway-90-byp,31.55986473884307,-110.25793857170959,Arizona
2136,2400 SE Walton Blvd,Bentonville,AR,72712,(479) 271-2393,ar/bentonville/2400-se-walton-blvd,36.33465562169019,-94.18511392344067,Arkansas
2795,915 E Oak St,Conway,AR,72032,(501) 504-2416,ar/conway/915-e-oak-st,35.09110110357849,-92.41822973628291,Arkansas
4468,6205 Rogers Ave,Fort Smith,AR,72903,(479) 397-3244,ar/fort-smith/6205-rogers-ave,35.3600327628317,-94.36357121902259,Arkansas
,1737 S Caraway Rd,Jonesboro,AR,72401,(870) 275-4038,ar/jonesboro/1737-s-caraway-rd,35.82368295731481,-90.67842810504261,Arkansas
4216,3917 McCain Blvd.,North Little Rock,AR,72116,(501) 441-3940,ar/north-little-rock/3917-mccain-blvd,34.79159783323849,-92.22859885650387,Arkansas
1247,2121 W Main St,Alhambra,CA,91801,(626) 284-5509,ca/alhambra/2121-w-main-st,34.09190525021675,-118.14524596502972,California
3372,26661 Aliso Creek Rd,Aliso Viejo,CA,92656,(949) 362-7539,ca/aliso-viejo/26661-aliso-creek-rd,33.57698001431661,-117.72542602602846,California
1091,19179 Bear Valley Rd,Apple Valley,CA,92308,(760) 240-5703,ca/apple-valley/19179-bear-valley-rd,34.47069588108122,-117.2457914536875,California
2083,400 S Baldwin Ave,Arcadia,CA,91007,(626) 701-5122,ca/arcadia/400-s-baldwin-ave,34.13572656223666,-118.04973664929628,California
2906,1229 E Grand Ave,Arroyo Grande,CA,93420,(805) 481-0012,ca/arroyo-grande/1229-e-grand-ave,35.12017354508283,-120.60171216458565,California
,6435 Morro Rd,Atascadero,CA,93422,(805) 859-0004,ca/atascadero/6435-morro-rd,35.48399132328144,-120.6651525887499,California
2635,2845 Bell Rd,Auburn,CA,95603,(530) 888-1438,ca/auburn/2845-bell-rd,38.94107203078852,-121.0960654484235,California
1996,3939 Crenshaw Blvd,Baldwin Hills,CA,90008,(323) 347-2108,ca/baldwin-hills/3939-crenshaw-blvd,34.01332168178815,-118.3366309735149,California
2975,13916 Garvey Ave,Baldwin Park,CA,91706,(626) 337-7362,ca/baldwin-park/13916-garvey-ave,34.06929200258029,-117.97212920502885,California
3041,300 S Highland Springs Ave,Banning,CA,92220,(951) 769-5450,ca/banning/300-s-highland-springs-ave,33.924673248896525,-116.94639329323631,California
1384,2590 High Point Pkwy,Barstow,CA,92311,(760) 253-7480,ca/barstow/2590-high-point-pkwy,34.8528123628865,-117.08279671145499,California
261,244 S Beverly Dr,Beverly Hills,CA,90212,(310) 273-8265,ca/beverly-hills/244-s-beverly-dr,34.063323794483836,-118.39882933026638,California
2053,5976 Orangethorpe Ave,Buena Park,CA,90620,(714) 752-5041,ca/buena-park/5976-orangethorpe-ave,33.85831428190834,-118.03057717907734,California
3104,48557 Morongo Trl,Cabazon,CA,92230,(951) 922-2264,ca/cabazon/48557-morongo-trl,33.923300749294484,-116.80540401356373,California
1842,660 Ventura Blvd,Camarillo,CA,93010,(805) 482-0618,ca/camarillo/660-ventura-blvd,34.21725346260006,-119.06555787396223,California
1038,1815 S Bascom Ave,Campbell,CA,95008,(408) 371-5284,ca/campbell/1815-s-bascom-ave,37.29088001186664,-121.93205873037397,California
1789,6600 Topanga Canyon Blvd,Canoga Park,CA,91303,(747) 888-5228,ca/canoga-park/6600-topanga-canyon-blvd,34.19001842367065,-118.60351277654955,California
1604,1955 41st Ave,Capitola,CA,95010,(831) 295-6076,ca/capitola/1955-41st-ave,36.97793296544234,-121.96629033430656,California
2286,20420 Avalon Blvd,Carson,CA,90746,(310) 217-0034,ca/carson/20420-avalon-blvd,33.846571303188675,-118.26345516132488,California
219,3369 Castro Valley Blvd,Castro Valley,CA,94546,(510) 582-8643,ca/castro-valley/3369-castro-valley-blvd,37.69534808292011,-122.07682173834326,California
4014,2870 E Service Rd,Ceres,CA,95307,(209) 496-9105,ca/ceres/2870-e-service-rd,37.5799792126156,-120.94179581646843,California
2185,9175 De Soto Ave,Chatsworth,CA,91311,(818) 671-2902,ca/chatsworth/9175-de-soto-ave,34.23752415197358,-118.58913502915061,California
2261,12188 Central Ave,Chino,CA,91710,(909) 539-0547,ca/chino/12188-central-ave,34.03190485597059,-117.69030120491084,California
1166,13920 City Center Dr,Chino Hills,CA,91709,(909) 548-3721,ca/chino-hills/13920-city-center-dr,34.00052695549834,-117.73128948798481,California
274,5851 Sunrise Blvd,Citrus Heights,CA,95610,(916) 967-7881,ca/citrus-heights/5851-sunrise-blvd,38.6720411,-121.2720328,California
3179,885 S Indian Hill Blvd,Claremont,CA,91711,(909) 398-4497,ca/claremont/885-s-indian-hill-blvd,34.07975728465649,-117.71955228297796,California
1187,990 Serramonte Blvd,Colma,CA,94014,(415) 840-7007,ca/colma/990-serramonte-blvd,37.67119213613535,-122.46439892638864,California
2985,150 Citadel Dr,Commerce,CA,90040,(323) 728-2268,ca/commerce/150-citadel-dr,34.005528296175974,-118.15293999273166,California
2241,1759 S Alameda St,Compton,CA,90220,(310) 933-0107,ca/compton/1759-s-alameda-st,33.87653521836164,-118.2178387895666,California
,3050 E Coast Hwy,Corona Del Mar,CA,92625,(949) 274-8843,ca/corona-del-mar/3050-e-coast-hwy,33.598502531784824,-117.87155991534424,California
3671,1360 Orange Ave,Coronado,CA,92118,(619) 365-4287,ca/coronado/1360-orange-ave,32.6825342,-117.1786497,California
1850,6859 Katella Ave,Cypress,CA,90630,(714) 947-7028,ca/cypress/6859-katella-ave,33.80372614549295,-118.01252306588651,California
1102,213 Westlake Ctr,Daly City,CA,94015,(650) 757-4587,ca/daly-city/213-westlake-ctr,37.70148181035406,-122.4824343131621,California
1802,33 Railroad Ave,Danville,CA,94526,(925) 553-3920,ca/danville/33-railroad-ave,37.82315928914039,-122.00409490062907,California
108,227 E St,Davis,CA,95616,(530) 758-3599,ca/davis/227-e-st,38.5440526,-121.7415034,California
1773,2710 Via De La Valle,Del Mar,CA,92014,(858) 724-1181,ca/del-mar/2710-via-de-la-valle,32.9812865943242,-117.24979818185977,California
3962,503 Woollomes Avenue,Delano,CA,93215,(661) 561-5393,ca/delano/503-woollomes-avenue,35.74749449999999,-119.2479208,California
3148,235 S Diamond Bar Blvd,Diamond Bar,CA,91765,(909) 396-0666,ca/diamond-bar/235-s-diamond-bar-blvd,34.02087757522673,-117.81055878105349,California
1465,12411 Limonite Ave,Eastvale,CA,91752,(951) 254-9799,ca/eastvale/12411-limonite-ave,33.97667219672287,-117.55285768220904,California
2677,225 Jamacha Rd,El Cajon,CA,92019,(619) 938-2391,ca/el-cajon/225-jamacha-rd,32.79401250323742,-116.93476260142046,California
4374,1953 N Imperial Ave,El Centro,CA,92243,(442) 283-2055,ca/el-centro/1953-n-imperial-ave,32.8107101,-115.5694551,California
1899,9901 San Pablo Ave,El Cerrito,CA,94530,(510) 900-2658,ca/el-cerrito/9901-san-pablo-ave,37.89920809436757,-122.30230887177561,California
3395,4520 Post St,El Dorado Hills,CA,95762,(916) 235-8549,ca/el-dorado-hills/4520-post-st,38.65222395461087,-121.0679584911872,California
887,307 N Pacific Coast Hwy,El Segundo,CA,90245,(310) 426-1437,ca/el-segundo/307-n-pacific-coast-hwy,33.9196429750764,-118.39646644508912,California
3857,242 N El Camino Real,Encinitas,CA,92024,(442) 357-1366,ca/encinitas/242-n-el-camino-real,33.049444126487906,-117.26059824586603,California
3352,2626 Broadway,Eureka,CA,95501,(707) 502-3294,ca/eureka/2626-broadway,40.78425839100063,-124.18422516147618,California
2846,5223 Hazel Ave,Fair Oaks,CA,95628,(916) 536-9205,ca/fair-oaks/5223-hazel-ave,38.66156637178626,-121.22602352734116,California
182,1586 Gateway Blvd,Fairfield,CA,94533,(707) 432-0330,ca/fairfield/1586-gateway-blvd,38.261633262094044,-122.05847163374688,California
1517,2019 Chess Dr,Foster City,CA,94404,(650) 539-3638,ca/foster-city/2019-chess-dr,37.562540203832256,-122.28064386932886,California
2545,9737 Chapman Ave,Garden Grove,CA,92841,(714) 590-1258,ca/garden-grove/9737-chapman-ave,33.78884075207645,-117.96322514508915,California
1960,1755 W Artesia Blvd,Gardena,CA,90248,(310) 436-4293,ca/gardena/1755-w-artesia-blvd,33.87347234415794,-118.30884125214959,California
2137,6955 Camino Arroyo,Gilroy,CA,95020,(408) 848-4079,ca/gilroy/6955-camino-arroyo,37.00297748618977,-121.55199715368747,California
935,1365 E Gladstone St,Glendora,CA,91740,(909) 592-7063,ca/glendora/1365-e-gladstone-st,34.11636408347833,-117.83563471440067,California
2472,2350 Sunrise Blvd,Gold River,CA,95670,(916) 852-8724,ca/gold-river/2350-sunrise-blvd,38.61703934520703,-121.26894929933837,California
1459,270 Storke Rd,Goleta,CA,93117,(805) 685-1265,ca/goleta/270-storke-rd,34.42917694680606,-119.86940571226859,California
1681,16959 Devonshire St,Granada Hills,CA,91344,(747) 300-4570,ca/granada-hills/16959-devonshire-st,34.25774798768706,-118.5020815711813,California
4186,6981 Douglas Blvd,Granite Bay,CA,95746,(279) 217-3175,ca/granite-bay/6981-douglas-blvd,38.743817567922605,-121.17184137749528,California
2502,366 N 12th Ave,Hanford,CA,93230,(559) 582-2021,ca/hanford/366-n-12th-ave,36.327476827217744,-119.67329958895493,California
204,5330 W Rosecrans Ave,Hawthorne,CA,90250,(310) 297-0850,ca/hawthorne/5330-w-rosecrans-ave,33.90123578697386,-118.37322521000647,California
,22263 Foothill Boulevard,Hayward,CA,94541,(341) 232-1318,ca/hayward/22263-foothill-boulevard,37.679338704597875,-122.08498616803314,California
1253,2465 W Florida Ave,Hemet,CA,92545,(951) 658-0139,ca/hemet/2465-w-florida-ave,33.74715564751028,-116.99751010828379,California
1286,1439 Pacific Coast Hwy,Hermosa Beach,CA,90254,(310) 374-1612,ca/hermosa-beach/1439-pacific-coast-hwy,33.86533148472044,-118.39348661381166,California
1907,9770 Mariposa Rd,Hesperia,CA,92345,(760) 948-8027,ca/hesperia/9770-mariposa-rd,34.42800850102093,-117.37842113261279,California
3277,1250 E Park St,Hollister,CA,95023,(831) 665-6014,ca/hollister/1250-e-park-st,36.841920391175975,-121.39120713837202,California
2947,801 Palm Ave,Imperial Beach,CA,91932,(619) 423-3991,ca/imperial-beach/801-palm-ave,32.583602564037996,-117.1154485898486,California
1223,895 Foothill Blvd,La Canada Flintridge,CA,91011,(818) 790-8127,ca/la-canada-flintridge/895-foothill-blvd,34.2035553021316,-118.19775441532687,California
1063,1202 S Idaho St,La Habra,CA,90631,(714) 526-0800,ca/la-habra/1202-s-idaho-st,33.916496604979194,-117.95884084885152,California
107,8657 Villa La Jolla Dr,La Jolla,CA,92037,(858) 554-1866,ca/la-jolla/8657-villa-la-jolla-dr,32.86491213418086,-117.23194471635314,California
228,8005 Fletcher Pkwy,La Mesa,CA,91942,(619) 589-2258,ca/la-mesa/8005-fletcher-pkwy,32.77361313869,-117.02695971336595,California
1094,79174 Highway 111,La Quinta,CA,92253,(760) 564-3079,ca/la-quinta/79174-highway-111,33.70826301959636,-116.28339158094471,California
1551,2298 Foothill Blvd,La Verne,CA,91750,(909) 575-6878,ca/la-verne/2298-foothill-blvd,34.11205096859536,-117.76224672293085,California
1590,3518 Mt Diablo Blvd,Lafayette,CA,94549,(925) 282-3977,ca/lafayette/3518-mt-diablo-blvd,37.89320838385394,-122.1181198687172,California
,18492 Dexter Ave,Lake Elsinore,CA,92532,(951) 226-3534,ca/lake-elsinore/18492-dexter-ave,33.6920645,-117.3355488,California
679,5310 Lakewood Blvd,Lakewood,CA,90712,(562) 790-8786,ca/lakewood/5310-lakewood-blvd,33.854145981105354,-118.1419423762926,California
1925,855 W. Avenue K.,Lancaster,CA,93534,(661) 206-3535,ca/lancaster/855-w-avenue-k,34.675182,-118.1473502,California
3535,16542 Golden Valley Parkway,Lathrop,CA,95330,(209) 390-9153,ca/lathrop/16542-golden-valley-parkway,37.811438,-121.2992387,California
1420,5602 Dennis McCarthy Dr,Lebec,CA,93243,(661) 858-2335,ca/lebec/5602-dennis-mccarthy-dr,34.98650931128791,-118.94631826994055,California
3586,1420 E Pacheco Blvd,Los Banos,CA,93635,(209) 710-5049,ca/los-banos/1420-e-pacheco-blvd,37.0573202,-120.8333382,California
1769,640 Blossom Hill Rd,Los Gatos,CA,95032,(408) 353-7133,ca/los-gatos/640-blossom-hill-rd,37.23535350416661,-121.96365672110028,California
2648,2180 W Cleveland Ave,Madera,CA,93637,(559) 661-2048,ca/madera/2180-w-cleveland-ave,36.97402194121919,-120.08301113121536,California
1784,3822 Cross Creek Rd,Malibu,CA,90265,(424) 644-2184,ca/malibu/3822-cross-creek-rd,34.036158,-118.684829,California
1134,1442 Hulsey Way,Manteca,CA,95336,(209) 823-1017,ca/manteca/1442-hulsey-way,37.79631039976567,-121.19301733313455,California
2945,140 General Stillwell Dr,Marina,CA,93933,(831) 582-9812,ca/marina/140-general-stillwell-dr,36.66588128255013,-121.80972461674025,California
158,4718 Admiralty Way,Marina Del Rey,CA,90292,(310) 821-0059,ca/marina-del-rey/4718-admiralty-way,33.979174,-118.4383297,California
2048,1061 Arnold Dr,Martinez,CA,94553,(925) 957-6059,ca/martinez/1061-arnold-dr,37.99476243515115,-122.10585776070695,California
1229,30024 Haun Rd,Menifee,CA,92584,(951) 301-9249,ca/menifee/30024-haun-rd,33.68456530437326,-117.17496204295696,California
1954,3110 R St,Merced,CA,95348,(209) 722-7488,ca/merced/3110-r-st,37.31977990890728,-120.48614440335558,California
934,135 S El Camino Real,Millbrae,CA,94030,(650) 259-9301,ca/millbrae/135-s-el-camino-real,37.59664287481773,-122.38616887789249,California
1184,246 Great Mall Dr,Milpitas,CA,95035,(408) 935-9254,ca/milpitas/246-great-mall-dr,37.413630562725025,-121.89682308921952,California
2711,10384 Sepulveda Blvd,Mission Hills,CA,91345,(818) 361-1778,ca/mission-hills/10384-sepulveda-blvd,34.25943147644151,-118.46645207188168,California
2074,608 W Huntington Dr,Monrovia,CA,91016,(626) 239-3033,ca/monrovia/608-w-huntington-dr,34.13980863005088,-118.01247076711644,California
1512,9177 Central Ave,Montclair,CA,91763,(909) 575-6434,ca/montclair/9177-central-ave,34.08735747390883,-117.68910175613422,California
2399,545 N Montebello Blvd,Montebello,CA,90640,(323) 721-1078,ca/montebello/545-n-montebello-blvd,34.01898412881839,-118.10597044601536,California
1790,2180 S Atlantic Blvd,Monterey Park,CA,91754,(323) 488-6944,ca/monterey-park/2180-s-atlantic-blvd,34.03839617176134,-118.14455450980438,California
3640,806 E Los Angeles Ave.,Moorpark,CA,93021,(805) 222-4284,ca/moorpark/806-e-los-angeles-ave,34.27876598701785,-118.86675525345139,California
1916,12625 Frederick St,Moreno Valley,CA,92553,(951) 269-2429,ca/moreno-valley/12625-frederick-st,33.93697901084461,-117.2618174240078,California
1092,775 Cochrane Rd,Morgan Hill,CA,95037,(408) 776-8505,ca/morgan-hill/775-cochrane-rd,37.15120417259024,-121.65604422441993,California
1498,40940 California Oaks Rd,Murrieta,CA,92562,(951) 894-1112,ca/murrieta/40940-california-oaks-rd,33.5683063848896,-117.20468239847946,California
2600,404 Mile Of Cars Way,National City,CA,91950,(619) 336-0030,ca/national-city/404-mile-of-cars-way,32.6605279,-117.1055342,California
1031,34883 Newark Blvd,Newark,CA,94560,(510) 742-8010,ca/newark/34883-newark-blvd,37.55115907630892,-122.05144880393186,California
487,1409 Hamner Ave,Norco,CA,92860,(951) 817-0447,ca/norco/1409-hamner-ave,33.90263415128826,-117.56187604518708,California
,12539 Imperial Hwy,Norwalk,CA,90650,(562) 210-4915,ca/norwalk/12539-imperial-hwy,33.9178147676955,-118.0658323513213,California
3819,128 Vintage Way,Novato,CA,94945,(628) 236-8393,ca/novato/128-vintage-way,38.09151764901642,-122.5561181125808,California
3388,325 Oroville Dam Blvd,Oroville,CA,95965,(530) 403-5210,ca/oroville/325-oroville-dam-blvd,39.49757019320775,-121.57234387204487,California
2738,15207 W Sunset Blvd,Pacific Palisades,CA,90272,(310) 230-0153,ca/pacific-palisades/15207-w-sunset-blvd,34.04642032110833,-118.52430300135804,California
1149,2465 E Palm Canyon Dr,Palm Springs,CA,92264,(760) 325-0346,ca/palm-springs/2465-e-palm-canyon-dr,33.80077209644914,-116.52167565167815,California
2361,7940 Van Nuys Blvd,Panorama City,CA,91402,(818) 787-1213,ca/panorama-city/7940-van-nuys-blvd,34.21561863591302,-118.44839308630355,California
2893,15754 Paramount Blvd,Paramount,CA,90723,(562) 220-2606,ca/paramount/15754-paramount-blvd,33.889671705188285,-118.15984994835645,California
2260,98 Niblick Rd,Paso Robles,CA,93446,(805) 769-9221,ca/paso-robles/98-niblick-rd,35.614783491487046,-120.6833899971,California
4382,975 Sperry Ave,Patterson,CA,95363,(209) 758-5468,ca/patterson/975-sperry-ave,37.464867819560695,-121.14030020168643,California
2955,1870 N Perris Blvd,Perris,CA,92571,(951) 443-2821,ca/perris/1870-n-perris-blvd,33.80745746473947,-117.2265905485969,California
2059,401 Kenilworth Dr,Petaluma,CA,94952,(707) 772-5225,ca/petaluma/401-kenilworth-dr,38.24360779834869,-122.62637620493484,California
1596,8888 Whittier Blvd,Pico Rivera,CA,90660,(562) 478-4607,ca/pico-rivera/8888-whittier-blvd,34.001212777535095,-118.08429593984698,California
1505,2696 Pinole Valley Rd,Pinole,CA,94564,(510) 283-0070,ca/pinole/2696-pinole-valley-rd,37.99584488069377,-122.28616963049592,California
804,4418 Century Blvd,Pittsburg,CA,94565,(925) 754-3270,ca/pittsburg/4418-century-blvd,38.005543685158585,-121.83947117605857,California
3373,1474 N Kraemer Blvd,Placentia,CA,92870,(714) 646-4565,ca/placentia/1474-n-kraemer-blvd,33.88747989525577,-117.8628750410636,California
1672,3987 Missouri Flat Rd,Placerville,CA,95667,(530) 748-0094,ca/placerville/3987-missouri-flat-rd,38.71319049321305,-120.84009296658496,California
3338,6654 Koll Center Pkwy,Pleasanton,CA,94566,(925) 426-0052,ca/pleasanton/6654-koll-center-pkwy,37.658930237997666,-121.89800909229531,California
2269,785 Rio Rancho Rd,Pomona,CA,91766,(909) 236-5136,ca/pomona/785-rio-rancho-rd,34.03369167184923,-117.75679611288012,California
,20111 Rinaldi St,Porter Ranch,CA,91326,(818) 721-9796,ca/porter-ranch/20111-rinaldi-st,34.27553505465713,-118.57239324321648,California
3252,1174 W Henderson Ave,Porterville,CA,93257,(559) 339-0236,ca/porterville/1174-w-henderson-ave,36.0808,-119.04342,California
1056,13495 Poway Rd,Poway,CA,92064,(858) 748-9200,ca/poway/13495-poway-rd,32.95490609620121,-117.0389035024939,California
704,2878 Zinfandel Dr,Rancho Cordova,CA,95670,(916) 861-0620,ca/rancho-cordova/2878-zinfandel-dr,38.59431543959226,-121.28856367792719,California
2725,22245 El Paseo,Rancho Santa Margarita,CA,92688,(949) 459-1035,ca/rancho-santa-margarita/22245-el-paseo,33.63911453993435,-117.59409620985576,California
936,961 Dana Dr,Redding,CA,96003,(530) 223-9292,ca/redding/961-dana-dr,40.585336942860884,-122.3540046133121,California
,820 S China Lake Blvd,Ridgecrest,CA,93555,(760) 301-5136,ca/ridgecrest/820-s-china-lake-blvd,35.61019066546266,-117.66986528847502,California
2701,2207 Claribel Rd,Riverbank,CA,95367,(209) 869-1217,ca/riverbank/2207-claribel-rd,37.71164400561816,-120.9579370569407,California
2316,5194 Commons Dr,Rocklin,CA,95677,(916) 303-7002,ca/rocklin/5194-commons-dr,38.80463574925882,-121.20656128662051,California
1720,6325 Commerce Blvd,Rohnert Park,CA,94928,(707) 536-0348,ca/rohnert-park/6325-commerce-blvd,38.34732644821981,-122.71012806688213,California
2583,4C Peninsula Ctr,Rolling Hills Estates,CA,90274,(310) 265-0031,ca/rolling-hills-estates/4c-peninsula-ctr,33.77614299816564,-118.37576685077535,California
1771,3616 Rosemead Blvd,Rosemead,CA,91770,(626) 782-6431,ca/rosemead/3616-rosemead-blvd,34.07458922642114,-118.07220788252357,California
1864,1748 N Main St,Salinas,CA,93906,(831) 444-0943,ca/salinas/1748-n-main-st,36.71701510032351,-121.65393674938832,California
956,1092 E Hospitality Ln,San Bernardino,CA,92408,(909) 799-9420,ca/san-bernardino/1092-e-hospitality-ln,34.069252980682066,-117.26190170053064,California
2412,1150 El Camino Real,San Bruno,CA,94066,(650) 829-2469,ca/san-bruno/1150-el-camino-real,37.6372041,-122.4172493,California
1174,1135 Industrial Rd,San Carlos,CA,94070,(650) 598-0847,ca/san-carlos/1135-industrial-rd,37.50220845635966,-122.24637262417463,California
1683,806 Avenida Pico,San Clemente,CA,92673,(949) 272-5955,ca/san-clemente/806-avenida-pico,33.442553042795176,-117.61399021458466,California
2236,1100 Truman St,San Fernando,CA,91340,(818) 898-2351,ca/san-fernando/1100-truman-st,34.28358071628897,-118.44139870118244,California
2292,1505 E 14th St,San Leandro,CA,94577,(510) 667-1003,ca/san-leandro/1505-e-14th-st,37.72336091000679,-122.15393846504054,California
1708,297 Madonna Rd,San Luis Obispo,CA,93405,(805) 541-6975,ca/san-luis-obispo/297-madonna-rd,35.26261463509377,-120.6776980849703,California
1636,575 Grand Ave,San Marcos,CA,92078,(760) 304-8720,ca/san-marcos/575-grand-ave,33.137033,-117.17627,California
2028,1050 Park Pl,San Mateo,CA,94403,(650) 242-7265,ca/san-mateo/1050-park-pl,37.54469055552596,-122.29148268458405,California
1675,940 N Western Ave,San Pedro,CA,90732,(424) 703-6498,ca/san-pedro/940-n-western-ave,33.75100294454226,-118.30714735279089,California
1591,2140 California Ave,Sand City,CA,93955,(831) 899-1096,ca/sand-city/2140-california-ave,36.62262582038521,-121.84366126380633,California
1688,3851 State St,Santa Barbara,CA,93105,(805) 979-3808,ca/santa-barbara/3851-state-st,34.439503969029175,-119.749159864462,California
1716,550 River St,Santa Cruz,CA,95060,(831) 295-6582,ca/santa-cruz/550-river-st,36.98261371947986,-122.02936357270187,California
4224,467 E Betteravia Rd,Santa Maria,CA,93454,(805) 345-2293,ca/santa-maria/467-e-betteravia-rd,34.92487030857114,-120.42587330798663,California
1805,9828 Mission Gorge Rd,Santee,CA,92071,(619) 655-4784,ca/santee/9828-mission-gorge-rd,32.84094168295178,-116.98145925799042,California
1511,12359 Seal Beach Blvd,Seal Beach,CA,90740,(562) 375-6983,ca/seal-beach/12359-seal-beach-blvd,33.782980697390315,-118.07234152637193,California
3066,3120 Floral Ave,Selma,CA,93662,(559) 896-1673,ca/selma/3120-floral-ave,36.5770809467151,-119.63236487017957,California
2320,959 E. Spring Street,Signal Hill,CA,90755,(562) 206-7199,ca/signal-hill/959-e-spring-street,33.8119251213897,-118.18127129861409,California
875,1263 Simi Town Center Way,Simi Valley,CA,93065,(805) 584-0514,ca/simi-valley/1263-simi-town-center-way,34.28415480521016,-118.77535695629956,California
2220,4709 Firestone Blvd,South Gate,CA,90280,(323) 214-1059,ca/south-gate/4709-firestone-blvd,33.9525112377641,-118.18563671595592,California
3505,3640-A Lake Tahoe Blvd,South Lake Tahoe,CA,96150,(530) 314-2139,ca/south-lake-tahoe/3640-a-lake-tahoe-blvd,38.9480034,-119.9580772,California
3479,901 Fair Oaks Ave,South Pasadena,CA,91030,(626) 517-2888,ca/south-pasadena/901-fair-oaks-ave,34.11565,-118.150757,California
1412,12175 Ventura Blvd,Studio City,CA,91604,(818) 508-0190,ca/studio-city/12175-ventura-blvd,34.14355872066686,-118.3977093037214,California
279,324 W El Camino Real,Sunnyvale,CA,94087,(408) 773-1304,ca/sunnyvale/324-w-el-camino-real,37.36775027541723,-122.03609420918197,California
4247,340 Tucker Road,TEHACHAPI,CA,93561,(661) 518-1044,ca/tehachapi/340-tucker-road,35.1305355748501,-118.46697338475585,California
1705,18700 Ventura Blvd,Tarzana,CA,91356,(818) 514-2844,ca/tarzana/18700-ventura-blvd,34.170303807427636,-118.54051172413917,California
2321,5809 Rosemead Blvd,Temple City,CA,91780,(626) 940-3581,ca/temple-city/5809-rosemead-blvd,34.1046359513651,-118.07389619479198,California
2865,2512 Naglee Rd,Tracy,CA,95304,(209) 834-8845,ca/tracy/2512-naglee-rd,37.75546914528877,-121.46494850107536,California
2372,1108 E Prosperity Ave,Tulare,CA,93274,(559) 358-3169,ca/tulare/1108-e-prosperity-ave,36.22621558670599,-119.3289380460501,California
1135,3090 Countryside Dr,Turlock,CA,95380,(209) 656-7647,ca/turlock/3090-countryside-dr,37.520645,-120.880929,California
2746,596 E Perkins St,Ukiah,CA,95482,(707) 472-0539,ca/ukiah/596-e-perkins-st,39.15164538001051,-123.19935967361067,California
1529,30920 Dyer St,Union City,CA,94587,(510) 404-7721,ca/union-city/30920-dyer-st,37.60245939031628,-122.06906675183507,California
2186,1620 E Monte Vista Ave,Vacaville,CA,95688,(707) 450-1329,ca/vacaville/1620-e-monte-vista-ave,38.36690410069812,-121.96241685072005,California
2315,1195 Admiral Callaghan Ln,Vallejo,CA,94591,(707) 552-1024,ca/vallejo/1195-admiral-callaghan-ln,38.1369577435362,-122.2150147826651,California
1569,5600 Van Nuys Blvd,Van Nuys,CA,91401,(818) 455-4560,ca/van-nuys/5600-van-nuys-blvd,34.17231389842011,-118.44830875031454,California
,12304 Palmdale Rd,Victorville,CA,92392,(442) 219-0230,ca/victorville/12304-palmdale-rd,34.5071638,-117.3959003,California
621,30 Main St,Vista,CA,92083,(760) 639-0529,ca/vista/30-main-st,33.20063547165459,-117.24497542595412,California
829,21710 Valley Blvd,Walnut,CA,91789,(909) 595-1502,ca/walnut/21710-valley-blvd,34.027889767641526,-117.8338552181055,California
309,1158 Locust St,Walnut Creek,CA,94596,(925) 935-9307,ca/walnut-creek/1158-locust-st,37.89568245753107,-122.06095857729815,California
2238,2110 E Florence Ave,Walnut Park,CA,90255,(323) 214-1054,ca/walnut-park/2110-e-florence-ave,33.9744431419157,-118.23350551717931,California
,1075 Main St,Watsonville,CA,95076,(831) 322-2012,ca/watsonville/1075-main-st,36.915543102429076,-121.76879151061497,California
1272,5754 Lindero Canyon Rd,Westlake Village,CA,91362,(818) 597-1603,ca/westlake-village/5754-lindero-canyon-rd,34.15371791770557,-118.79654041226877,California
1931,6777 Westminster Blvd,Westminster,CA,92683,(714) 487-5126,ca/westminster/6777-westminster-blvd,33.76113750000002,-118.00804959386578,California
,24032 Clinton Keith Rd,Wildomar,CA,92595,(951) 574-1277,ca/wildomar/24032-clinton-keith-rd,33.59851897904945,-117.23968004374416,California
3674,35938 Winchester Rd,Winchester,CA,92596,(951) 566-2041,ca/winchester/35938-winchester-rd,33.6298625,-117.091286,California
705,1005 Gray Ave,Yuba City,CA,95991,(530) 671-1581,ca/yuba-city/1005-gray-ave,39.14265330346745,-121.6297385638926,California
,31495 Yucaipa Blvd,Yucaipa,CA,92399,(909) 316-2710,ca/yucaipa/31495-yucaipa-blvd,34.02828467038073,-117.1167986409316,California
,57592 29 Palms Hwy,Yucca Valley,CA,92284,(760) 853-2035,ca/yucca-valley/57592-29-palms-hwy,34.126852705722854,-116.40834505474285,California
894,1650 28th St,Boulder,CO,80301,(720) 406-0500,co/boulder/1650-28th-st,40.01652978308289,-105.25789239922813,Colorado
3452,2046 Prairie Center Pkwy,Brighton,CO,80601,(720) 259-5627,co/brighton/2046-prairie-center-pkwy,39.9569298,-104.7756281,Colorado
,3233 I-70 Business Loop,Clifton,CO,81520,(970) 684-2023,co/clifton/3233-i-70-business-loop,39.089954653952205,-108.45311398457144,Colorado
162,5988 Dahlia St,Commerce City,CO,80022,(303) 227-9466,co/commerce-city/5988-dahlia-st,39.804007450899896,-104.93082754723872,Colorado
390,333 W Hampden Ave,Englewood,CO,80110,(303) 761-3411,co/englewood/333-w-hampden-ave,39.653526215266915,-104.99219002665392,Colorado
,7565 Falcon Market Pl,Falcon,CO,80831,(719) 719-2087,co/falcon/7565-falcon-market-pl,38.94189799999999,-104.6084596,Colorado
69,10320 Federal Blvd,Federal Heights,CO,80260,(720) 566-0233,co/federal-heights/10320-federal-blvd,39.88426668267913,-105.02461434062457,Colorado
946,2504 Highway 6 And 50,Grand Junction,CO,81505,(970) 257-1966,co/grand-junction/2504-highway-6-and-50,39.08348906133941,-108.58800031831296,Colorado
910,807 17th St,Greeley,CO,80631,(970) 346-8700,co/greeley/807-17th-st,40.41203572235011,-104.69148192212145,Colorado
2355,548 W South Boulder Rd,Lafayette,CO,80026,(303) 302-1878,co/lafayette/548-w-south-boulder-rd,39.98638566440582,-105.09794396611215,Colorado
114,375 McCaslin Blvd,Louisville,CO,80027,(720) 890-0670,co/louisville/375-mccaslin-blvd,39.96621596945101,-105.16397033843793,Colorado
1189,3230 N Elizabeth St,Pueblo,CO,81008,(719) 404-2900,co/pueblo/3230-n-elizabeth-st,38.303279216278455,-104.61498663414201,Colorado
1105,247 Rainbow Dr,Silverthorne,CO,80498,(970) 468-0671,co/silverthorne/247-rainbow-dr,39.630287419244226,-106.07142220468808,Colorado
3889,1940 Coalton Rd,Superior,CO,80027,(720) 863-7857,co/superior/1940-coalton-rd,39.928428212695195,-105.14312552946531,Colorado
6,3294 Youngfield St,Wheat Ridge,CO,80033,(303) 234-1600,co/wheat-ridge/3294-youngfield-st,39.76299604016307,-105.14005551560047,Colorado
2827,2 Commercial Pkwy,Branford,CT,06405,(203) 315-1506,ct/branford/2-commercial-pkwy,41.27731142213908,-72.8283174214896,Connecticut
2559,275 E Main St,Bridgeport,CT,06608,(203) 330-9419,ct/bridgeport/275-e-main-st,41.17842823720663,-73.18194729049281,Connecticut
4069,1444 Farmington Ave,Bristol,CT,06010,(860) 973-0889,ct/bristol/1444-farmington-ave,41.698897502330716,-72.89495693060974,Connecticut
1748,110 Albany Tpke,Canton,CT,06019,(860) 693-4457,ct/canton/110-albany-tpke,41.82332322507213,-72.88322699772891,Connecticut
1724,7 Hazard Ave,Enfield,CT,06082,(860) 741-0801,ct/enfield/7-hazard-ave,41.99055716434799,-72.58473316774234,Connecticut
1583,340 Grasmere Ave,Fairfield,CT,06824,(203) 255-7665,ct/fairfield/340-grasmere-ave,41.1571948638277,-73.24036100000001,Connecticut
1518,140 Glastonbury Blvd,Glastonbury,CT,06033,(860) 652-9960,ct/glastonbury/140-glastonbury-blvd,41.72038057442732,-72.62092960479768,Connecticut
3488,258 Route 12,Groton,CT,06340,(860) 910-0664,ct/groton/258-route-12,41.36994575460215,-72.07046013643532,Connecticut
1927,2165 Dixwell Ave,Hamden,CT,06514,(203) 230-8185,ct/hamden/2165-dixwell-ave,41.36879390226055,-72.91821687838001,Connecticut
1677,48 Hale Rd,Manchester,CT,06042,(860) 644-0223,ct/manchester/48-hale-rd,41.81276427147483,-72.52713871794923,Connecticut
3124,808 Washington St,Middletown,CT,06457,(860) 344-9588,ct/middletown/808-washington-st,41.55500659403476,-72.67927092030962,Connecticut
1575,1319 Boston Post Rd,Milford,CT,06460,(203) 877-1530,ct/milford/1319-boston-post-rd,41.23845336526143,-73.03542477607482,Connecticut
,143 Purdy Hill Road,Monroe,CT,06468,(475) 474-6211,ct/monroe/143-purdy-hill-road,41.302191,-73.224383,Connecticut
1981,910 Chapel St,New Haven,CT,06510,(203) 785-0799,ct/new-haven/910-chapel-st,41.30639517209296,-72.92693399222446,Connecticut
3717,169 Danbury Rd,New Milford,CT,06776,(860) 799-4038,ct/new-milford/169-danbury-rd,41.549017261167265,-73.4167131874982,Connecticut
1903,3575 Berlin Tpke,Newington,CT,06111,(860) 667-7094,ct/newington/3575-berlin-tpke,41.650066,-72.729361,Connecticut
3556,30 Salem Tpke,Norwich,CT,06360,(860) 319-0992,ct/norwich/30-salem-tpke,41.51342811040123,-72.10696108996953,Connecticut
2395,1233 E Putnam Ave,Riverside,CT,06878,(203) 637-0078,ct/riverside/1233-e-putnam-ave,41.04240407701103,-73.57833602738467,Connecticut
2560,701 Bridgeport Ave,Shelton,CT,06484,(203) 225-2766,ct/shelton/701-bridgeport-ave,41.27588197554277,-73.12399875520805,Connecticut
,100 Main St N,Southbury,CT,06488,(203) 586-4079,ct/southbury/100-main-st-n,41.47851730217249,-73.21051307773098,Connecticut
2887,785 Queen St,Southington,CT,06489,(860) 276-3912,ct/southington/785-queen-st,41.638016010142024,-72.87337302481967,Connecticut
,1207 High Ridge Road,Stamford,CT,06905,(203) 487-5811,ct/stamford/1207-high-ridge-road,41.110480739683055,-73.54553171219086,Connecticut
3536,100 E Main St,Stratford,CT,06614,(203) 275-0964,ct/stratford/100-e-main-st,41.2018127,-73.1166848,Connecticut
,1313 E Main St,Torrington,CT,06790,(860) 866-4116,ct/torrington/1313-e-main-st,41.8171965763348,-73.09207335442963,Connecticut
2385,1094 N Colony Rd,Wallingford,CT,06492,(203) 265-3159,ct/wallingford/1094-n-colony-rd,41.49764234495459,-72.80875095788363,Connecticut
2789,354 Saw Mill Rd,West Haven,CT,06516,(203) 931-6157,ct/west-haven/354-saw-mill-rd,41.27118782688273,-72.97258820765478,Connecticut
3126,1084 Silas Deane Hwy,Wethersfield,CT,06109,(860) 257-9027,ct/wethersfield/1084-silas-deane-hwy,41.69268358085449,-72.65518356501957,Connecticut
,1200 Pulaski Hwy,Bear,DE,19701,(302) 520-2600,de/bear/1200-pulaski-hwy,39.629349119807905,-75.66592717352388,Delaware
,30 King Blvd.,Camden,DE,19934,(302) 387-0622,de/camden/30-king-blvd,39.106820078525864,-75.54127837669785,Delaware
1447,1141 N Dupont Hwy,Dover,DE,19901,(302) 678-5012,de/dover/1141-n-dupont-hwy,39.18678446887631,-75.53655817470087,Delaware
2483,657 Middletown Warwick Rd,Middletown,DE,19709,(302) 376-9584,de/middletown/657-middletown-warwick-rd,39.44580632021666,-75.73467347927613,Delaware
3154,115A S Dupont Hwy,New Castle,DE,19720,(302) 326-1505,de/new-castle/115a-s-dupont-hwy,39.66378445341222,-75.60687249570083,Delaware
1833,36453 Seaside Outlet Dr,Rehoboth Beach,DE,19971,(302) 227-4900,de/rehoboth-beach/36453-seaside-outlet-dr,38.71784480353341,-75.11120954268412,Delaware
604,400 W State Road 436,Altamonte Springs,FL,32714,(407) 682-2747,fl/altamonte-springs/400-w-state-road-436,28.661298307235594,-81.39668856209812,Florida
1508,18815 Biscayne Blvd,Aventura,FL,33180,(786) 955-2150,fl/aventura/18815-biscayne-blvd,25.95018503822516,-80.14567645491081,Florida
975,1608 Cortez Rd W,Bradenton,FL,34207,(941) 752-0425,fl/bradenton/1608-cortez-rd-w,27.463184540263185,-82.57834493108192,Florida
2994,13207 Cortez Blvd,Brooksville,FL,34613,(352) 597-4356,fl/brooksville/13207-cortez-blvd,28.53437690982307,-82.50659652729814,Florida
,1387 State Road 436,Casselberry,FL,32707,(321) 280-9620,fl/casselberry/1387-state-road-436,28.6296537483117,-81.31860203099693,Florida
2085,19151 S Dixie Hwy,Cutler Bay,FL,33157,(786) 231-5120,fl/cutler-bay/19151-s-dixie-hwy,25.589673366046544,-80.35863462852154,Florida
1315,1780 Stirling Rd,Dania Beach,FL,33004,(954) 925-4381,fl/dania-beach/1780-stirling-rd,26.04869664021097,-80.15950361620679,Florida
3190,2335 S Woodland Blvd,Deland,FL,32720,(386) 469-9279,fl/deland/2335-s-woodland-blvd,28.98699069226117,-81.29912887430243,Florida
2265,4281 Legendary Dr,Destin,FL,32541,(850) 269-0187,fl/destin/4281-legendary-dr,30.390134590565765,-86.42484252704122,Florida
,6020 US Highway 301 N,Ellenton,FL,34222,(941) 803-4009,fl/ellenton/6020-us-highway-301-n,27.5320691330393,-82.50177610682883,Florida
2809,22941 Lyden Dr,Estero,FL,33928,(239) 495-3165,fl/estero/22941-lyden-dr,26.403595686440802,-81.81134813032403,Florida
2362,103 State Road 436,Fern Park,FL,32730,(407) 834-0165,fl/fern-park/103-state-road-436,28.659664072586867,-81.34078245005861,Florida
,5545 Okeechobee Rd,Fort Pierce,FL,34947,(772) 264-4082,fl/fort-pierce/5545-okeechobee-rd,27.4174444,-80.3814096,Florida
,227 Carol Ave NW,Fort Walton Beach,FL,32548,(850) 855-4675,fl/fort-walton-beach/227-carol-ave-nw,30.426182446281953,-86.64068181259475,Florida
2111,6320 N Andrews Ave,Ft Lauderdale,FL,33309,(954) 200-6538,fl/ft-lauderdale/6320-n-andrews-ave,26.204786342170173,-80.14741756625307,Florida
,11500 S Military Trl,Golf,FL,33436,(561) 880-9919,fl/golf/11500-s-military-trl,26.50952085695414,-80.12268647805897,Florida
2661,6714 Forest Hill Blvd,Greenacres,FL,33413,(561) 432-3346,fl/greenacres/6714-forest-hill-blvd,26.648234703951772,-80.14618339386577,Florida
4204,725 Gulf Breeze Parkway,Gulf Breeze,FL,32561,(850) 935-3049,fl/gulf-breeze/725-gulf-breeze-parkway,30.357889398929178,-87.16543510612772,Florida
,35654 US 27 N,Haines City,FL,33844,(863) 758-4029,fl/haines-city/35654-us-27-n,28.118144428863214,-81.64056379851472,Florida
2445,1774 Sheridan St,Hollywood,FL,33020,(954) 923-4401,fl/hollywood/1774-sheridan-st,26.033056115486787,-80.1420688426424,Florida
2606,2500 NE 10th Ct,Homestead,FL,33033,(305) 245-5131,fl/homestead/2500-ne-10th-ct,25.479008795929524,-80.44192050166987,Florida
,911 W Main St,Inverness,FL,34450,(352) 423-7227,fl/inverness/911-w-main-st,28.835558491225328,-82.34120761532687,Florida
2714,1758 3rd St S,Jacksonville Beach,FL,32250,(904) 249-7277,fl/jacksonville-beach/1758-3rd-st-s,30.271247042298853,-81.38887430491081,Florida
2105,6274 W Indiantown Rd,Jupiter,FL,33458,(561) 354-5310,fl/jupiter/6274-w-indiantown-rd,26.93422373810846,-80.1306198341141,Florida
,508 U.S. 27/441,Lady Lake,FL,32159,(352) 633-4619,fl/lady-lake/508-us-27/441,28.931617038412384,-81.93261377352172,Florida
3757,3017 W US Highway 90,Lake City,FL,32055,(386) 269-1507,fl/lake-city/3017-w-us-highway-90,30.180708,-82.681741,Florida
610,4315 W Lake Mary Blvd,Lake Mary,FL,32746,(407) 321-0844,fl/lake-mary/4315-w-lake-mary-blvd,28.755673212555635,-81.35075833804609,Florida
3270,11715 State Road 70 E,Lakewood Ranch,FL,34202,(941) 756-0455,fl/lakewood-ranch/11715-state-road-70-e,27.432713755172138,-82.42544192235476,Florida
3082,10160 Ulmerton Rd,Largo,FL,33771,(727) 501-1354,fl/largo/10160-ulmerton-rd,27.89407785160986,-82.78005961130967,Florida
2487,5435 N University Dr,Lauderhill,FL,33351,(954) 742-3650,fl/lauderhill/5435-n-university-dr,26.191549305741724,-80.25268509264242,Florida
3707,10450 US Highway 441,Leesburg,FL,34788,(352) 504-0368,fl/leesburg/10450-us-highway-441,28.821619,-81.78343,Florida
4245,2700 W State Road 434,Longwood,FL,32779,(689) 345-5119,fl/longwood/2700-w-state-road-434,28.68665,-81.41442,Florida
3308,25442 Sierra Center Blvd,Lutz,FL,33559,(813) 948-0007,fl/lutz/25442-sierra-center-blvd,28.19292175008535,-82.39507270160111,Florida
4222,5671 W Atlantic Blvd,Margate,FL,33063,(754) 704-4976,fl/margate/5671-w-atlantic-blvd,26.2358896,-80.2033278,Florida
,18299 NW 27th Ave,Miami Gardens,FL,33056,(786) 463-0052,fl/miami-gardens/18299-nw-27th-ave,25.94069484471381,-80.2447836974291,Florida
1203,8000 NW 154th St,Miami Lakes,FL,33016,(305) 818-7448,fl/miami-lakes/8000-nw-154th-st,25.91286867175168,-80.33097373487183,Florida
,1677 N Hancock Rd,Minneola,FL,34715,(352) 717-2041,fl/minneola/1677-n-hancock-rd,28.5912617,-81.722554,Florida
2120,19025 US Highway 441,Mount Dora,FL,32757,(352) 735-1983,fl/mount-dora/19025-us-highway-441,28.8247207707714,-81.6407336110451,Florida
3110,3286 Word Way,New Port Richey,FL,34655,,fl/new-port-richey/3286-word-way,28.205280359025913,-82.66658183775716,Florida
,1796 Sr 44,New Smyrna Beach,FL,32168,(386) 957-5041,fl/new-smyrna-beach/1796-sr-44,29.014568662649307,-80.94103078859412,Florida
952,14776 Biscayne Blvd,North Miami,FL,33181,(305) 947-2779,fl/north-miami/14776-biscayne-blvd,25.912530237601935,-80.15779178613366,Florida
,886 N Miami Beach Blvd,North Miami Beach,FL,33162,(786) 463-0036,fl/north-miami-beach/886-n-miami-beach-blvd,25.92685146252067,-80.18261514293665,Florida
2697,17019 Tamiami Trl,North Port,FL,34287,(941) 423-2969,fl/north-port/17019-tamiami-trl,27.0373333139289,-82.21619476901435,Florida
789,10149 W Colonial Dr,Ocoee,FL,34761,(407) 298-8120,fl/ocoee/10149-w-colonial-dr,28.55248571259458,-81.52695894995907,Florida
,16118 Preserve Marketplace Blvd,Odessa,FL,33556,(813) 336-7001,fl/odessa/16118-preserve-marketplace-blvd,28.1880397,-82.55188749999999,Florida
2515,1290 W Granada Blvd,Ormond Beach,FL,32174,(386) 676-0748,fl/ormond-beach/1290-w-granada-blvd,29.26379913634666,-81.10531615000002,Florida
2736,327 E Mitchell Hammock Rd,Oviedo,FL,32765,(407) 365-7274,fl/oviedo/327-e-mitchell-hammock-rd,28.6563537626573,-81.20337892270186,Florida
3109,5860 State Road 100 E,Palm Coast,FL,32164,(386) 586-7391,fl/palm-coast/5860-state-road-100-e,29.476297900686486,-81.19619296519619,Florida
2147,33121 US Highway 19 N,Palm Harbor,FL,34684,(727) 683-8407,fl/palm-harbor/33121-us-highway-19-n,28.07317466907305,-82.73829771905821,Florida
3081,500 E 23rd St,Panama City,FL,32405,(850) 769-1049,fl/panama-city/500-e-23rd-st,30.188904979055234,-85.65384191932579,Florida
2280,100 S Pier Park Dr,Panama City Beach,FL,32413,(850) 230-6454,fl/panama-city-beach/100-s-pier-park-dr,30.2238765262339,-85.87220956341471,Florida
2014,12227 South Dixie Highway,Pinecrest,FL,33156,(786) 231-5106,fl/pinecrest/12227-south-dixie-highway,25.657060492333493,-80.32749741359396,Florida
713,3700 Park Blvd N,Pinellas Park,FL,33781,(727) 525-2484,fl/pinellas-park/3700-park-blvd-n,27.838771062640056,-82.68466530022113,Florida
2416,2390 N Federal Hwy,Pompano Beach,FL,33062,(954) 781-9070,fl/pompano-beach/2390-n-federal-hwy,26.260656561863833,-80.0989099277374,Florida
,1799 Tamiami Trl,Port Charlotte,FL,33948,(941) 273-0211,fl/port-charlotte/1799-tamiami-trl,27.006085381963082,-82.1333153861944,Florida
1844,1731 Dunlawton Ave,Port Orange,FL,32127,(386) 767-2100,fl/port-orange/1731-dunlawton-ave,29.111368109173387,-81.02645685337296,Florida
2645,9203 US Highway 19,Port Richey,FL,34668,(727) 842-9028,fl/port-richey/9203-us-highway-19,28.290810588979053,-82.7119125003145,Florida
1258,1768 SW Saint Lucie West Blvd,Port Saint Lucie,FL,34986,(772) 204-8788,fl/port-saint-lucie/1768-sw-saint-lucie-west-blvd,27.31065261994452,-80.4064213527613,Florida
,10830 SW Tradition Pkwy,Port St Lucie,FL,34987,(772) 236-1001,fl/port-st-lucie/10830-sw-tradition-pkwy,27.2638301,-80.4355621,Florida
2277,1753 US Highway 1 S,Saint Augustine,FL,32084,(904) 808-8321,fl/saint-augustine/1753-us-highway-1-s,29.869607545074707,-81.3238950019371,Florida
2200,4351 13th St,Saint Cloud,FL,34769,(407) 891-0206,fl/saint-cloud/4351-13th-st,28.252543735911708,-81.31628410921002,Florida
2989,11241 Park Blvd,Seminole,FL,33772,(727) 319-2089,fl/seminole/11241-park-blvd,27.841610023777374,-82.79448579599801,Florida
1058,6290 S Dixie Hwy,South Miami,FL,33143,(305) 668-3831,fl/south-miami/6290-s-dixie-hwy,25.699524794387173,-80.2950114926424,Florida
2488,12801 W Sunrise Blvd,Sunrise,FL,33323,(954) 846-7003,fl/sunrise/12801-w-sunrise-blvd,26.15196430736596,-80.32133713152535,Florida
3341,5114 E Fowler Ave,Temple Terrace,FL,33617,(813) 513-1002,fl/temple-terrace/5114-e-fowler-ave,28.054766978698687,-82.39890702297012,Florida
,2560-300 S. Washington Ave,Titusville,FL,32780,(321) 360-7658,fl/titusville/2560-300-s-washington-ave,28.5846454,-80.8021924,Florida
,1812 East Highway 60,Valrico,FL,33594,(813) 502-2001,fl/valrico/1812-east-highway-60,27.938512710111894,-82.25762957238565,Florida
1859,5855 20th St,Vero Beach,FL,32966,(772) 907-0635,fl/vero-beach/5855-20th-st,27.638264447032626,-80.44798372741229,Florida
990,1000 S State Road 7,Wellington,FL,33414,(561) 204-2816,fl/wellington/1000-s-state-road-7,26.66379742394857,-80.20217804662704,Florida
,125 Palm Bay Rd NE,West Melbourne,FL,32904,(321) 473-6403,fl/west-melbourne/125-palm-bay-rd-ne,28.036216690508862,-80.66914149368179,Florida
838,4477 Weston Rd,Weston,FL,33331,(954) 385-1320,fl/weston/4477-weston-rd,26.067591223863595,-80.36310950530807,Florida
3101,9100 Conroy Windermere Rd,Windermere,FL,34786,(407) 909-6267,fl/windermere/9100-conroy-windermere-rd,28.49320603224206,-81.50927760290779,Florida
2580,804 Cypress Gardens Blvd,Winter Haven,FL,33880,(863) 294-7285,fl/winter-haven/804-cypress-gardens-blvd,28.003602586341753,-81.71751414785041,Florida
360,525 S Orlando Ave,Winter Park,FL,32789,(407) 628-3207,fl/winter-park/525-s-orlando-ave,28.593627003298938,-81.36531213488999,Florida
,463913 State Road 200,Yulee,FL,32097,(904) 849-4398,fl/yulee/463913-state-road-200,30.625426686831073,-81.54245546990586,Florida
,7646 Gall Blvd,Zephyrhills,FL,33541,(813) 701-2356,fl/zephyrhills/7646-gall-blvd,28.2684738,-82.18811079999999,Florida
,3359 Cobb Pkwy NW,Acworth,GA,30101,(678) 275-2365,ga/acworth/3359-cobb-pkwy-nw,34.0522483,-84.7013283,Georgia
2915,2630 Dawson Rd,Albany,GA,31707,(229) 483-0091,ga/albany/2630-dawson-rd,31.617004244299196,-84.22186359631252,Georgia
1598,165 Alps Rd,Athens,GA,30606,(706) 548-7210,ga/athens/165-alps-rd,33.947373403855124,-83.40882517790988,Georgia
3025,229 Robert C Daniel Jr Pkwy,Augusta,GA,30909,(706) 738-4352,ga/augusta/229-robert-c-daniel-jr-pkwy,33.491083,-82.08011,Georgia
3501,3999 Austell Rd,Austell,GA,30106,(678) 275-2701,ga/austell/3999-austell-rd,33.85553484082516,-84.59929141030743,Georgia
,100 Shupe Way,Brunswick,GA,31520,(912) 342-1141,ga/brunswick/100-shupe-way,31.153308,-81.585916,Georgia
4315,530 Highway 53 E,Calhoun,GA,30701,(762) 538-2322,ga/calhoun/530-highway-53-e,34.47550263384319,-84.92685639478206,Georgia
2199,2026 Cumming Hwy,Canton,GA,30115,(678) 880-4203,ga/canton/2026-cumming-hwy,34.23665147381761,-84.45634731900049,Georgia
3635,814 S Park St,Carrollton,GA,30117,(678) 890-2574,ga/carrollton/814-s-park-st,33.5668026,-85.07689649999999,Georgia
,405 E Main St,Cartersville,GA,30121,(770) 276-2061,ga/cartersville/405-e-main-st,34.16705049651067,-84.7870462220142,Georgia
2713,5001 Peachtree Blvd,Chamblee,GA,30341,(770) 936-8103,ga/chamblee/5001-peachtree-blvd,33.884570707268836,-84.3158437680495,Georgia
,30874 US-441 S,Commerce,GA,30529,(762) 356-8084,ga/commerce/30874-us-441-s,34.249905,-83.4605885,Georgia
2806,1467 Highway 138 SE,Conyers,GA,30013,(770) 929-0243,ga/conyers/1467-highway-138-se,33.651075932180035,-84.00914985491085,Georgia
,3147 US-278 NW,Covington,GA,30014,(678) 212-9001,ga/covington/3147-us-278-nw,33.6033348,-83.8586899,Georgia
2262,905 Market Place Blvd,Cumming,GA,30041,(678) 456-3065,ga/cumming/905-market-place-blvd,34.18122085793144,-84.13307816532043,Georgia
4092,1518 W. WALNUT AVE,Dalton,GA,30720,(303) 595-4000,ga/dalton/1518-w-walnut-ave,34.76103030529081,-84.99721692713277,Georgia
3445,285 Marketplace Blvd,Dawsonville,GA,30534,(706) 429-0265,ga/dawsonville/285-marketplace-blvd,34.3485401,-84.0506016,Georgia
3521,9380 The Landing Dr,Douglasville,GA,30135,(678) 275-2386,ga/douglasville/9380-the-landing-dr,33.727932,-84.737725,Georgia
2841,3330 Camp Creek Pkwy,East Point,GA,30344,(404) 346-4681,ga/east-point/3330-camp-creek-pkwy,33.65723509187696,-84.4992085118999,Georgia
,8045 Senoia Rd,Fairburn,GA,30213,(770) 892-0162,ga/fairburn/8045-senoia-rd,33.535691,-84.577689,Georgia
3385,1135 Highway 85 N,Fayetteville,GA,30214,(770) 892-0169,ga/fayetteville/1135-highway-85-n,33.472221612419574,-84.44279131886319,Georgia
,2989 Battlefield Pkwy,Fort Oglethorpe,GA,30742,(229) 664-2019,ga/fort-oglethorpe/2989-battlefield-pkwy,34.9406904,-85.2169112,Georgia
,1860 Grayson Hwy,Grayson,GA,30017,(470) 706-0116,ga/grayson/1860-grayson-hwy,33.900017,-83.96100299999999,Georgia
,1440 N Expressway,Griffin,GA,30223,(678) 408-5078,ga/griffin/1440-n-expressway,33.27237356520682,-84.29010913529017,Georgia
3460,806 W Oglethorpe Hwy,Hinesville,GA,31313,(912) 368-0252,ga/hinesville/806-w-oglethorpe-hwy,31.822523023186836,-81.59896890823387,Georgia
3677,4500 Jimmy Lee Smith Pkwy,Hiram,GA,30141,(678) 275-2359,ga/hiram/4500-jimmy-lee-smith-pkwy,33.89055891310516,-84.75366235486091,Georgia
3996,8483 Holcomb Bridge Rd,Johns Creek,GA,30022,(484) 535-5615,ga/johns-creek/8483-holcomb-bridge-rd,33.98805851859937,-84.2722299309213,Georgia
4314,1509 Lafayette Pkwy,Lagrange,GA,30241,(762) 323-4660,ga/lagrange/1509-lafayette-pkwy,33.04270219705478,-84.97959875302068,Georgia
,4805 Lawrenceville Hwy NW,Lilburn,GA,30047,(678) 502-7392,ga/lilburn/4805-lawrenceville-hwy-nw,33.8955798055653,-84.14110974175868,Georgia
4080,642 Thornton Rd,Lithia Springs,GA,30122,(470) 412-6377,ga/lithia-springs/642-thornton-rd,33.78849111026301,-84.61939329180902,Georgia
3469,4112 Atlanta Hwy,Loganville,GA,30052,(678) 436-5247,ga/loganville/4112-atlanta-hwy,33.84555968347321,-83.9098085104098,Georgia
2459,120 Tom Hill Sr Blvd,Macon,GA,31210,(478) 474-0350,ga/macon/120-tom-hill-sr-blvd,32.90075978429131,-83.68851949479199,Georgia
2514,1442 Highway 20 W,McDonough,GA,30253,(770) 957-8656,ga/mcdonough/1442-highway-20-w,33.42289817058108,-84.18719384938834,Georgia
,2399 N Columbia St,Milledgeville,GA,31061,(478) 387-3018,ga/milledgeville/2399-n-columbia-st,33.10985853161374,-83.25465249191528,Georgia
2246,2011 Mount Zion Rd,Morrow,GA,30260,(770) 472-3855,ga/morrow/2011-mount-zion-rd,33.562695515038,-84.32466225520801,Georgia
3285,1200 Highway 34 E,Newnan,GA,30265,(770) 252-2968,ga/newnan/1200-highway-34-e,33.39829669716475,-84.73991360278428,Georgia
4217,1797 Oconee Connector,Oconee,GA,30622,(762) 234-5100,ga/oconee/1797-oconee-connector,33.91737461533975,-83.45435395703012,Georgia
3384,101 City Cir,Peachtree City,GA,30269,(404) 665-0324,ga/peachtree-city/101-city-cir,33.3966464,-84.59228569999999,Georgia
,7086 GA 85,Riverdale,GA,30274,(770) 892-0163,ga/riverdale/7086-ga-85,33.56161177649393,-84.41304169399754,Georgia
3580,1415 Turner McCall Blvd SE,Rome,GA,30161,(706) 204-7003,ga/rome/1415-turner-mccall-blvd-se,34.25107249918637,-85.16245824492377,Georgia
374,10800 Alpharetta Hwy,Roswell,GA,30076,(770) 642-0710,ga/roswell/10800-alpharetta-hwy,34.04353955641305,-84.34150049167557,Georgia
,5823 Campbellton Road,SOUTH FULTON,GA,30331,(404) 779-0786,ga/south-fulton/5823-campbellton-road,33.700488,-84.577657,Georgia
477,5920 Roswell Rd,Sandy Springs,GA,30328,(404) 252-2998,ga/sandy-springs/5920-roswell-rd,33.91662616607838,-84.38148064526179,Georgia
4192,5131 S Cobb Dr SE,Smyrna,GA,30080,(470) 826-0044,ga/smyrna/5131-s-cobb-dr-se,33.82995558838555,-84.49175806275449,Georgia
2278,1650 Scenic Highway S,Snellville,GA,30078,(678) 836-1183,ga/snellville/1650-scenic-highway-s,33.88240818771869,-84.01050865398463,Georgia
,170 Brampton Ave,Statesboro,GA,30458,(912) 225-9379,ga/statesboro/170-brampton-ave,32.4126858,-81.7684921,Georgia
3825,1580 Hudson Bridge Rd,Stockbridge,GA,30281,(770) 892-0123,ga/stockbridge/1580-hudson-bridge-rd,33.50438469274502,-84.23812754086521,Georgia
2995,3186 Lawrenceville Suwanee Rd,Suwanee,GA,30024,(770) 904-2263,ga/suwanee/3186-lawrenceville-suwanee-rd,34.034380234679965,-84.05223583374692,Georgia
2775,4347 Hugh Howell Rd,Tucker,GA,30084,(770) 491-9797,ga/tucker/4347-hugh-howell-rd,33.85160475141166,-84.21001497362806,Georgia
2493,133 Margie Dr,Warner Robins,GA,31093,(478) 953-0518,ga/warner-robins/133-margie-dr,32.61858440661779,-83.69034944299307,Georgia
,1751 Memorial Drive,Waycross,GA,31501,(912) 740-2137,ga/waycross/1751-memorial-drive,31.2055359,-82.3357996,Georgia
,5005 Cleveland Blvd,Caldwell,ID,83605,(986) 286-4005,id/caldwell/5005-cleveland-blvd,43.6345444939054,-116.6451977171793,Idaho
,1260 N Happy Valley Rd,Nampa,ID,83687,(986) 666-7096,id/nampa/1260-n-happy-valley-rd,43.59559827109034,-116.51270151805558,Idaho
,118 Cheney Dr W,Twin Falls,ID,83301,(208) 886-1056,id/twin-falls/118-cheney-dr-w,42.5888219,-114.4804354,Idaho
1819,1078 N Rohlwing Rd,Addison,IL,60101,(630) 282-7220,il/addison/1078-n-rohlwing-rd,41.9496874031525,-88.03226236073056,Illinois
399,412 S Randall Rd,Algonquin,IL,60102,(847) 458-1030,il/algonquin/412-s-randall-rd,42.17159600252217,-88.33588366699172,Illinois
4402,711 E Palatine Rd,Arlington Heights,IL,60004,(224) 857-7699,il/arlington-heights/711-e-palatine-rd,42.1096596,-87.97375760000001,Illinois
4289,1990 McKee Street,Batavia,IL,60510,(331) 334-6016,il/batavia/1990-mckee-street,41.8542291,-88.3390197,Illinois
1753,7140 Cermak Rd,Berwyn,IL,60402,(708) 303-5049,il/berwyn/7140-cermak-rd,41.850691159537845,-87.80281364750965,Illinois
1035,305 N Veterans Pkwy,Bloomington,IL,61704,(309) 661-7850,il/bloomington/305-n-veterans-pkwy,40.4825857443907,-88.95221180521533,Illinois
2609,1601 N State Route 50,Bourbonnais,IL,60914,(815) 932-3225,il/bourbonnais/1601-n-state-route-50,41.17397974758985,-87.85218980919035,Illinois
3047,8813 S. Harlem Ave,Bridgeview,IL,60455,(708) 598-1555,il/bridgeview/8813-s-harlem-ave,41.73124799980357,-87.79849106962604,Illinois
2553,2201 S Cicero Ave,Cicero,IL,60804,(708) 656-1254,il/cicero/2201-s-cicero-ave,41.85088850929855,-87.74374895213225,Illinois
2721,5801 S La Grange Rd,Countryside,IL,60525,(708) 582-6192,il/countryside/5801-s-la-grange-rd,41.7847779186473,-87.86812296932885,Illinois
2098,13340 Cicero Ave,Crestwood,IL,60418,(708) 377-0010,il/crestwood/13340-cicero-ave,41.64942357682577,-87.7387279322765,Illinois
1148,5006 Northwest Hwy,Crystal Lake,IL,60014,(815) 444-1532,il/crystal-lake/5006-northwest-hwy,42.22666853693625,-88.29480357098117,Illinois
3409,4165 N Water St,Decatur,IL,62526,(217) 615-4497,il/decatur/4165-n-water-st,39.8979052,-88.9556035,Illinois
209,675 Deerfield Rd,Deerfield,IL,60015,(847) 948-7902,il/deerfield/675-deerfield-rd,42.16707283028163,-87.84410756469782,Illinois
,1681 S. Galena Ave.,Dixon,IL,61021,(815) 380-2194,il/dixon/1681-s-galena-ave,41.8261414,-89.4759108,Illinois
2350,300 W Washington St,East Peoria,IL,61611,(309) 863-5853,il/east-peoria/300-w-washington-st,40.66952944937027,-89.58376065305845,Illinois
3871,2200 Troy Rd,Edwardsville,IL,62025,(618) 307-6010,il/edwardsville/2200-troy-rd,38.786359162102954,-89.95035803250617,Illinois
2769,1207 N Keller Dr,Effingham,IL,62401,(217) 347-3800,il/effingham/1207-n-keller-dr,39.13795421644866,-88.56590846932886,Illinois
3482,2500 N Randall Rd,Elgin,IL,60124,(224) 276-2392,il/elgin/2500-n-randall-rd,42.0945929,-88.3364554,Illinois
1408,910 Elk Grove Town Ctr,Elk Grove Village,IL,60007,(847) 434-1030,il/elk-grove-village/910-elk-grove-town-ctr,42.003124544384164,-88.0049156472387,Illinois
87,711 Church St,Evanston,IL,60201,(847) 425-3959,il/evanston/711-church-st,42.048639761346465,-87.68125400238114,Illinois
,3259 W 95th Street,Evergreen Park,IL,60805,(464) 227-2004,il/evergreen-park/3259-w-95th-street,41.72049218199015,-87.70397474049281,Illinois
1055,6415 N Illinois St,Fairview Heights,IL,62208,(618) 398-6655,il/fairview-heights/6415-n-illinois-st,38.5919230783912,-89.98552974909114,Illinois
3968,7201 Madison St,Forest Park,IL,60130,(708) 689-4371,il/forest-park/7201-madison-st,41.8799590925788,-87.80522954969662,Illinois
1434,11129 W Lincoln Hwy,Frankfort,IL,60423,(815) 464-6741,il/frankfort/11129-w-lincoln-hwy,41.50231724529297,-87.8867683582838,Illinois
2983,2926 Mannheim Rd,Franklin Park,IL,60131,(847) 451-1214,il/franklin-park/2926-mannheim-rd,41.93185926667227,-87.88549358096827,Illinois
819,695 Roosevelt Rd,Glen Ellyn,IL,60137,(630) 469-4035,il/glen-ellyn/695-roosevelt-rd,41.85900705685357,-88.05765157729815,Illinois
998,6040 Gurnee Mills Cir E,Gurnee,IL,60031,(847) 406-4003,il/gurnee/6040-gurnee-mills-cir-e,42.38420179444628,-87.95444163379386,Illinois
2658,14116 S Bell Rd,Homer Glen,IL,60491,(708) 301-3509,il/homer-glen/14116-s-bell-rd,41.632019824148436,-87.93181137150395,Illinois
1886,17700 Halsted St,Homewood,IL,60430,(708) 798-1332,il/homewood/17700-halsted-st,41.56808082629658,-87.63692917498317,Illinois
377,20505 Rand Rd,Kildeer,IL,60047,(847) 438-3835,il/kildeer/20505-rand-rd,42.16132855306302,-88.04982746165672,Illinois
1570,40 N La Grange Rd,La Grange,IL,60525,(708) 588-9630,il/la-grange/40-n-la-grange-rd,41.81773632026804,-87.87006581385208,Illinois
2438,945 Rockland Rd,Lake Bluff,IL,60044,(847) 295-5194,il/lake-bluff/945-rockland-rd,42.27901746522711,-87.87148000372844,Illinois
,27400 IL Rte 120,Lakemoor,IL,60051,(779) 244-4018,il/lakemoor/27400-il-rte-120,42.322264232783354,-88.16659908282068,Illinois
1437,139 N Milwaukee Ave,Libertyville,IL,60048,(847) 932-4646,il/libertyville/139-n-milwaukee-ave,42.28394186980323,-87.95382373170287,Illinois
2247,950 Milwaukee Ave,Lincolnshire,IL,60069,(847) 478-3230,il/lincolnshire/950-milwaukee-ave,42.18214408154884,-87.92907698680534,Illinois
3396,16433 W 159th St,Lockport,IL,60441,(815) 306-0182,il/lockport/16433-w-159th-st,41.5972833,-88.0171585,Illinois
,7190 E Riverside Blvd,Loves Park,IL,61111,(779) 221-8985,il/loves-park/7190-e-riverside-blvd,42.31938679020212,-88.97773306994056,Illinois
2035,1570 W Lane Rd,Machesney Park,IL,61115,(815) 282-1079,il/machesney-park/1570-w-lane-rd,42.366050222854106,-89.02332931866505,Illinois
,2804 Joseph Cannon Way,Marion,IL,62959,(618) 992-2597,il/marion/2804-joseph-cannon-way,37.74286319772948,-88.97155066062405,Illinois
1673,4815 211th St,Matteson,IL,60443,(708) 248-1187,il/matteson/4815-211th-st,41.5056300166093,-87.73330354437786,Illinois
1426,2304 N Richmond Rd,McHenry,IL,60051,(815) 385-2801,il/mchenry/2304-n-richmond-rd,42.35995961643056,-88.26646467313594,Illinois
,500 W North Ave,Melrose Park,IL,60160,(708) 223-7173,il/melrose-park/500-w-north-ave,41.9077838,-87.8404863,Illinois
2821,19130 S La Grange Rd,Mokena,IL,60448,(708) 719-3381,il/mokena/19130-s-la-grange-rd,41.541786770606386,-87.85137355964252,Illinois
1674,3941 41st Avenue Dr,Moline,IL,61265,(309) 277-0172,il/moline/3941-41st-avenue-dr,41.47069453983136,-90.47969505552254,Illinois
,6861 Dempster St,Morton Grove,IL,60053,(847) 929-4625,il/morton-grove/6861-dempster-st,42.040429893012224,-87.79630420284184,Illinois
631,102 E Kensington Rd,Mt Prospect,IL,60056,(847) 483-5033,il/mt-prospect/102-e-kensington-rd,42.08110867465319,-87.9356714875911,Illinois
3554,520 Townline Rd,Mundelein,IL,60060,(847) 393-4358,il/mundelein/520-townline-rd,42.240616180359424,-87.99282083316774,Illinois
3281,641 E Lincoln Hwy,New Lenox,IL,60451,(815) 717-8388,il/new-lenox/641-e-lincoln-hwy,41.51278280390709,-87.95068498643877,Illinois
1369,8488 W Golf Rd,Niles,IL,60714,(847) 324-5086,il/niles/8488-w-golf-rd,42.05507313807313,-87.83558873998686,Illinois
2097,4234 N Harlem Ave,Norridge,IL,60706,(708) 395-0011,il/norridge/4234-n-harlem-ave,41.95751753586701,-87.80760102223928,Illinois
2390,786 Skokie Blvd,Northbrook,IL,60062,(847) 559-9902,il/northbrook/786-skokie-blvd,42.139012,-87.793116,Illinois
1882,2103 Clearwater Dr,Oak Brook,IL,60523,(630) 230-3076,il/oak-brook/2103-clearwater-dr,41.84844840389466,-87.93227529566826,Illinois
316,1128 Lake St,Oak Park,IL,60301,(708) 524-8211,il/oak-park/1128-lake-st,41.88883551774075,-87.80408721584587,Illinois
270,18W050 22nd St,Oakbrook Terrace,IL,60181,(630) 627-6610,il/oakbrook-terrace/18w050-22nd-st,41.84660906858677,-87.9786664144811,Illinois
,15071 S La Grange Rd,Orland Park,IL,60462,(708) 590-4160,il/orland-park/15071-s-la-grange-rd,41.61666862649066,-87.85267488713617,Illinois
1194,2432 US Highway 34,Oswego,IL,60543,(630) 554-3508,il/oswego/2432-us-highway-34,41.703872343702535,-88.30697778956664,Illinois
2466,781 E Dundee Rd,Palatine,IL,60074,(847) 934-4541,il/palatine/781-e-dundee-rd,42.13866302769923,-88.025485,Illinois
1541,119 S Northwest Hwy,Park Ridge,IL,60068,(224) 585-5028,il/park-ridge/119-s-northwest-hwy,42.00997892175324,-87.82708567485145,Illinois
1955,4512 N Sterling Ave,Peoria,IL,61615,(309) 681-8725,il/peoria/4512-n-sterling-ave,40.743074893515264,-89.63116594967278,Illinois
3177,4349 Venture Dr,Peru,IL,61354,(815) 220-7452,il/peru/4349-venture-dr,41.36052985936069,-89.1265598374344,Illinois
2000,12720 S Route 59,Plainfield,IL,60585,(815) 733-2159,il/plainfield/12720-s-route-59,41.65110160732216,-88.20422347362808,Illinois
483,751 S Perryville Rd,Rockford,IL,61108,(815) 397-8688,il/rockford/751-s-perryville-rd,42.26444773139351,-88.98075800359567,Illinois
,1458 Golf Rd,Rolling Meadows,IL,60008,(224) 310-2155,il/rolling-meadows/1458-golf-rd,42.05180461904565,-87.998941887336,Illinois
2297,253 S Weber Road,Romeoville,IL,60446,(815) 221-5116,il/romeoville/253-s-weber-road,41.616325656034896,-88.12274269136913,Illinois
276,7020 Mannheim Rd,Rosemont,IL,60018,(847) 299-9201,il/rosemont/7020-mannheim-rd,42.00755755185913,-87.88551169694881,Illinois
1419,1936 IL Route 83,Round Lake Beach,IL,60073,(847) 543-4266,il/round-lake-beach/1936-il-route-83,42.382975814104924,-88.06354532762523,Illinois
383,348 Randall Rd,South Elgin,IL,60177,(847) 931-4172,il/south-elgin/348-randall-rd,41.98565666568114,-88.34165431486431,Illinois
3283,559 E 162nd St,South Holland,IL,60473,(708) 331-8063,il/south-holland/559-e-162nd-st,41.60040845233626,-87.6023809637941,Illinois
4201,510 S Sutton Rd,Streamwood,IL,60107,(224) 339-6030,il/streamwood/510-s-sutton-rd,42.02179129646618,-88.20366261962604,Illinois
167,375 N Milwaukee Ave,Vernon Hills,IL,60061,(847) 478-0883,il/vernon-hills/375-n-milwaukee-ave,42.23253585360423,-87.94216604411014,Illinois
2737,298 W North Ave,Villa Park,IL,60181,(630) 834-0907,il/villa-park/298-w-north-ave,41.90590420916699,-87.98570447590942,Illinois
587,28251 Diehl Rd,Warrenville,IL,60555,(630) 836-0016,il/warrenville/28251-diehl-rd,41.80168159337958,-88.17234289356861,Illinois
1186,940 S Waukegan Rd,Waukegan,IL,60085,(847) 406-5770,il/waukegan/940-s-waukegan-rd,42.34231062877063,-87.89580172866579,Illinois
999,201 N 8th St,West Dundee,IL,60118,(847) 426-2183,il/west-dundee/201-n-8th-st,42.099735685213965,-88.2865666828207,Illinois
322,300 E Ogden Ave,Westmont,IL,60559,(630) 920-1890,il/westmont/300-e-ogden-ave,41.81055615306768,-87.96812019556359,Illinois
885,1572 E Lake Cook Rd,Wheeling,IL,60090,(847) 520-6353,il/wheeling/1572-e-lake-cook-rd,42.15506831488426,-87.95404240960511,Illinois
752,7173 S Kingery Hwy,Willowbrook,IL,60527,(630) 560-7900,il/willowbrook/7173-s-kingery-hwy,41.758660325945705,-87.94422101015164,Illinois
3609,161 South Eastwood Dr,Woodstock,IL,60098,(815) 701-9148,il/woodstock/161-south-eastwood-dr,42.3151425,-88.4374091,Illinois
4324,444 E Veterans Pkwy,Yorkville,IL,60560,(331) 867-6048,il/yorkville/444-e-veterans-pkwy,41.65678985929306,-88.43693959356182,Illinois
,1150 W 7th St,Auburn,IN,46706,(260) 909-8592,in/auburn/1150-w-7th-st,41.36716770334846,-85.07967768788257,Indiana
2442,1040 Green Blvd,Aurora,IN,47001,(812) 926-1287,in/aurora/1040-green-blvd,39.078146061122055,-84.88934078711986,Indiana
691,10403 E US Highway 36,Avon,IN,46123,(317) 271-1481,in/avon/10403-e-us-highway-36,39.762895909175974,-86.33836394756969,Indiana
,937 N Green St,Brownsburg,IN,46112,(463) 583-2768,in/brownsburg/937-n-green-st,39.8558325,-86.3926774,Indiana
,2700 Matson Drive,Chesterton,IN,46304,(219) 799-2848,in/chesterton/2700-matson-drive,41.582138,-87.042607,Indiana
1704,2260 N National Rd,Columbus,IN,47201,(812) 376-0785,in/columbus/2260-n-national-rd,39.22101991625809,-85.88924752302523,Indiana
3282,10715 Broadway,Crown Point,IN,46307,(219) 663-5453,in/crown-point/10715-broadway,41.422845,-87.334767,Indiana
,935 Richard Road,Dyer,IN,46311,(219) 227-6138,in/dyer/935-richard-road,41.491971,-87.50592499999999,Indiana
4029,135 County Road 6 E,Elkhart,IN,46514,(574) 343-1331,in/elkhart/135-county-road-6-e,41.722693055556846,-85.97669862766983,Indiana
3382,9760 E 116th St,Fishers,IN,46037,(317) 348-2512,in/fishers/9760-e-116th-st,39.9570769,-85.9964992,Indiana
4273,2225 Rieth Blvd,Goshen,IN,46526,(574) 830-6652,in/goshen/2225-rieth-blvd,41.61795139862891,-85.89400566233793,Indiana
4163,2165 N State St,Greenfield,IN,46140,(463) 241-3054,in/greenfield/2165-n-state-st,39.816292844605876,-85.76906222082584,Indiana
2172,10343 Indianapolis Blvd,Highland,IN,46322,(219) 924-2654,in/highland/10343-indianapolis-blvd,41.52539694860443,-87.4704855706176,Indiana
1257,1201 S Reed Rd,Kokomo,IN,46902,(765) 626-0500,in/kokomo/1201-s-reed-rd,40.47377354927702,-86.10880265333435,Indiana
,2831 E 80th Ave,Merrillville,IN,46410,(219) 444-0197,in/merrillville/2831-e-80th-ave,41.471627627829825,-87.30122949239733,Indiana
2564,5218 Franklin St,Michigan City,IN,46360,(219) 879-9084,in/michigan-city/5218-franklin-st,41.673380954642326,-86.89335480398461,Indiana
,720 W McGalliard Rd,Muncie,IN,47303,(765) 273-6120,in/muncie/720-w-mcgalliard-rd,40.21925732852339,-85.39481692017985,Indiana
1846,8201 Calumet Ave,Munster,IN,46321,(219) 836-2426,in/munster/8201-calumet-ave,41.56395893764176,-87.50843999508913,Indiana
4384,2133 State St,New Albany,IN,47150,(812) 920-4463,in/new-albany/2133-state-st,38.3043737355534,-85.84004731161087,Indiana
3014,12831 Campus Pkwy,Noblesville,IN,46060,(317) 773-4872,in/noblesville/12831-campus-pkwy,39.995890457314744,-85.93711365087654,Indiana
2770,350 S Perry Rd,Plainfield,IN,46168,(317) 839-4352,in/plainfield/350-s-perry-rd,39.713918794225286,-86.35595401780137,Indiana
2512,6040 US Highway 6,Portage,IN,46368,(219) 763-9102,in/portage/6040-us-highway-6,41.55118547337976,-87.1808513923861,Indiana
1101,3726 National Rd E,Richmond,IN,47374,(765) 966-3292,in/richmond/3726-national-rd-e,39.83144389393682,-84.84945814532085,Indiana
2990,6321 Crawfordsville Rd,Speedway,IN,46224,(317) 481-6651,in/speedway/6321-crawfordsville-rd,39.79993664159451,-86.27169572921116,Indiana
1669,2505 Laporte Ave,Valparaiso,IN,46383,(219) 476-7419,in/valparaiso/2505-laporte-ave,41.46907372522234,-87.03010219694158,Indiana
3561,829 E State Road 32,Westfield,IN,46074,(317) 399-5092,in/westfield/829-e-state-road-32,40.04209251253815,-86.14271503399776,Indiana
1785,435 S Duff Ave,Ames,IA,50010,(515) 598-2385,ia/ames/435-s-duff-ave,42.01762602548903,-93.61099249418032,Iowa
2776,2125 SE Delaware Ave,Ankeny,IA,50021,(515) 965-8847,ia/ankeny/2125-se-delaware-ave,41.70932548708022,-93.58076895891281,Iowa
2275,4444 1st Ave. NE,Cedar Rapids,IA,52402,(319) 393-4025,ia/cedar-rapids/4444-1st-ave-ne,42.0257279,-91.6278471,Iowa
1545,3737 Merle Hay Rd,Des Moines,IA,50310,(515) 974-4300,ia/des-moines/3737-merle-hay-rd,41.62890796599062,-93.69716400744699,Iowa
2845,3450 Dodge St,Dubuque,IA,52003,(563) 582-2841,ia/dubuque/3450-dodge-st,42.49151163119097,-90.72015554138233,Iowa
1069,201 S Clinton St,Iowa City,IA,52240,(319) 338-1194,ia/iowa-city/201-s-clinton-st,41.6592018306316,-91.53538513695447,Iowa
1995,5001 Sergeant Rd,Sioux City,IA,51106,(712) 274-4168,ia/sioux-city/5001-sergeant-rd,42.4457161323662,-96.34321083357226,Iowa
,425 E. Hickman Rd,Waukee,IA,50263,(515) 850-5521,ia/waukee/425-e-hickman-rd,41.61558149817828,-93.86407586330412,Iowa
2613,1700 N Rock Rd,Derby,KS,67037,(316) 788-1261,ks/derby/1700-n-rock-rd,37.56445644380793,-97.24351248138693,Kansas
1294,5065 W 119th St,Leawood,KS,66209,(913) 232-4994,ks/leawood/5065-w-119th-st,38.9125715657598,-94.64321666434478,Kansas
287,606 N Manhattan Ave,Manhattan,KS,66502,(785) 587-8029,ks/manhattan/606-n-manhattan-ave,39.185080145571206,-96.57609178725164,Kansas
2482,6920 Mission Rd,Prairie Village,KS,66208,(913) 262-1305,ks/prairie-village/6920-mission-rd,39.00357811563755,-94.63002840001735,Kansas
3193,2375 S 9th St,Salina,KS,67401,(785) 493-8093,ks/salina/2375-s-9th-st,38.7985407974486,-97.6120140670139,Kansas
3708,7105 Alexandria Pike,Alexandria,KY,41001,(859) 838-4948,ky/alexandria/7105-alexandria-pike,38.98374416298471,-84.39948363491207,Kentucky
2785,3040 Scottsville Rd,Bowling Green,KY,42104,(270) 782-2377,ky/bowling-green/3040-scottsville-rd,36.942810164816045,-86.42105669386581,Kentucky
1522,1803 Patrick Dr,Burlington,KY,41005,(859) 689-0105,ky/burlington/1803-patrick-dr,39.018994824398916,-84.69386043712291,Kentucky
2579,501 W Fourth St,Covington,KY,41011,(859) 261-2476,ky/covington/501-w-fourth-st,39.086181312070885,-84.51897809631254,Kentucky
689,525 Buttermilk Pike,Crescent Springs,KY,41017,(859) 341-8111,ky/crescent-springs/525-buttermilk-pike,39.04748325661645,-84.57624381473255,Kentucky
2274,3100 Dixie Hwy,Erlanger,KY,41018,(859) 341-3300,ky/erlanger/3100-dixie-hwy,39.02139599395538,-84.58969733408992,Kentucky
3461,3459 Valley Plaza Pkwy,Ft Mitchell,KY,41017,(859) 446-7652,ky/ft-mitchell/3459-valley-plaza-pkwy,39.0349351,-84.5335858,Kentucky
3436,2100 Medical Arts Dr,Hebron,KY,41048,(859) 212-0280,ky/hebron/2100-medical-arts-dr,39.0797356,-84.70675399999999,Kentucky
1381,2527 Wilson Rd,Highland Heights,KY,41076,(859) 442-9999,ky/highland-heights/2527-wilson-rd,39.037630256321215,-84.45474513374688,Kentucky
,3100 Fort Campbell Blvd,Hopkinsville,KY,42240,(270) 632-2973,ky/hopkinsville/3100-fort-campbell-blvd,36.836991,-87.476325,Kentucky
,2020 Declaration Drive,Independence,KY,41051,(859) 495-0122,ky/independence/2020-declaration-drive,38.930718,-84.54567999999999,Kentucky
2088,93 Carothers Rd,Newport,KY,41071,(859) 431-4300,ky/newport/93-carothers-rd,39.08709908015025,-84.47793181066459,Kentucky
4203,4911 Frederica St,Owensboro,KY,42301,(270) 297-0888,ky/owensboro/4911-frederica-st,37.721932353158415,-87.12339562043167,Kentucky
3365,9039 US Highway 42,Union,KY,41091,(859) 795-2890,ky/union/9039-us-highway-42,38.961870455197584,-84.67854253554104,Kentucky
1797,101 W State St,Baton Rouge,LA,70802,(225) 381-3932,la/baton-rouge/101-w-state-st,30.417974427719386,-91.17676362822436,Louisiana
2656,2610 Airline Dr,Bossier City,LA,71111,(318) 746-1871,la/bossier-city/2610-airline-dr,32.550204796301486,-93.70878141842559,Louisiana
,501 N Highway 190,Covington,LA,70433,(985) 900-8243,la/covington/501-n-highway-190,30.43735924110475,-90.08447573286261,Louisiana
2924,2410 Tanger Blvd,Gonzales,LA,70737,(225) 647-0828,la/gonzales/2410-tanger-blvd,30.2120828,-90.9500716,Louisiana
3689,1934 Hammond Square Dr,Hammond,LA,70403,(985) 520-0535,la/hammond/1934-hammond-square-dr,30.482021174957875,-90.45830811620613,Louisiana
1818,1208 S Clearview Pkwy,Harahan,LA,70123,(504) 206-3978,la/harahan/1208-s-clearview-pkwy,29.960016633840688,-90.18447917207277,Louisiana
2354,4231 Ambassador Caffery Pkwy,Lafayette,LA,70508,(337) 993-3151,la/lafayette/4231-ambassador-caffery-pkwy,30.161787035053273,-92.05396746288011,Louisiana
3120,3810 Highway 22,Mandeville,LA,70471,(985) 624-5126,la/mandeville/3810-highway-22,30.394443522766583,-90.09224255405275,Louisiana
2144,3600 Veterans Memorial Blvd,Metairie,LA,70002,(504) 454-5911,la/metairie/3600-veterans-memorial-blvd,30.003046493631754,-90.16247630295788,Louisiana
3204,2801 Magazine St,New Orleans,LA,70115,(504) 636-8544,la/new-orleans/2801-magazine-st,29.92612968093763,-90.08308640223228,Louisiana
2176,7030 Youree Dr,Shreveport,LA,71105,(318) 798-8896,la/shreveport/7030-youree-dr,32.44137301630907,-93.71825519565476,Louisiana
2937,400 Town Center Pkwy,Slidell,LA,70458,(985) 639-0233,la/slidell/400-town-center-pkwy,30.268656316837905,-89.75964751942682,Louisiana
3826,410 Center St,Auburn,ME,04210,(207) 531-4040,me/auburn/410-center-st,44.117061050804736,-70.22532067119866,Maine
2287,583 Stillwater Ave,Bangor,ME,04401,(207) 262-5030,me/bangor/583-stillwater-ave,44.82935603508486,-68.75374996916833,Maine
2603,195 Kennebec St,Portland,ME,04101,(207) 761-9711,me/portland/195-kennebec-st,43.660568,-70.266672,Maine
4042,507 Main St,Saco,ME,04072,(207) 282-0235,me/saco/507-main-st,43.50827337704286,-70.43497505423551,Maine
1536,359 Maine Mall Rd,South Portland,ME,04106,(207) 775-7730,me/south-portland/359-maine-mall-rd,43.63497255874913,-70.33784503067113,Maine
1749,11 Main St,Westbrook,ME,04092,(207) 856-6242,me/westbrook/11-main-st,43.67755647093197,-70.32975335255469,Maine
3683,799 Roosevelt Trl,Windham,ME,04062,(207) 893-2300,me/windham/799-roosevelt-trl,43.83968028179226,-70.44265289866178,Maine
683,13501 Connecticut Ave,Aspen Hill,MD,20906,(301) 598-2215,md/aspen-hill/13501-connecticut-ave,39.0767385521299,-77.08003886717927,Maryland
608,5 Bel Air S Pkwy,Bel Air,MD,21014,(410) 515-0547,md/bel-air/5-bel-air-s-pkwy,39.495554464617705,-76.32775172023776,Maryland
2804,16110 Cadillac Dr,Brandywine,MD,20613,(301) 782-7438,md/brandywine/16110-cadillac-dr,38.66927597771907,-76.87697962147844,Maryland
3050,3701 Branch Ave,Camp Springs,MD,20748,(301) 278-7531,md/camp-springs/3701-branch-ave,38.840009,-76.94731,Maryland
1519,9141 Alaking Ct,Capitol Heights,MD,20743,(240) 765-6553,md/capitol-heights/9141-alaking-ct,38.869756794418926,-76.84786350684351,Maryland
,30030 Three Notch Rd,Charlotte Hall,MD,20622,(240) 249-2081,md/charlotte-hall/30030-three-notch-rd,38.493243192730084,-76.77399232944775,Maryland
278,4471 Willard Ave,Chevy Chase,MD,20815,(301) 654-6661,md/chevy-chase/4471-willard-ave,38.962239032638514,-77.08858530100542,Maryland
1312,8913 Woodyard Rd,Clinton,MD,20735,(240) 846-6217,md/clinton/8913-woodyard-rd,38.767586450079584,-76.88793641104508,Maryland
1822,9815 Main St,Damascus,MD,20872,(240) 668-3260,md/damascus/9815-main-st,39.28878625354253,-77.20252145583706,Maryland
,7545 Holabird Ave,Dundalk,MD,21222,(443) 879-2042,md/dundalk/7545-holabird-ave,39.27101361649087,-76.50504974054672,Maryland
3218,2989 Plaza Dr,Dunkirk,MD,20754,(410) 257-1316,md/dunkirk/2989-plaza-dr,38.72415630572495,-76.65890825644874,Maryland
1644,8911 Ocean Gtwy,Easton,MD,21601,(410) 822-2609,md/easton/8911-ocean-gtwy,38.7939118853204,-76.05938578793854,Maryland
1488,3046 Solomons Island Rd,Edgewater,MD,21037,(410) 956-7484,md/edgewater/3046-solomons-island-rd,38.9431707434537,-76.56211548570462,Maryland
3829,722 E Pulaski Hwy,Elkton,MD,21921,(443) 406-2020,md/elkton/722-e-pulaski-hwy,39.60047885230997,-75.80412746541894,Maryland
1759,9120 Baltimore National Pike,Ellicott City,MD,21042,(410) 750-2035,md/ellicott-city/9120-baltimore-national-pike,39.27729715201601,-76.82593794728393,Maryland
,2209 Bel Air Rd,Fallston,MD,21047,(443) 417-1018,md/fallston/2209-bel-air-rd,39.49380860633874,-76.39127001717931,Maryland
3246,1538 Rock Spring Rd,Forest Hill,MD,21050,(410) 420-6871,md/forest-hill/1538-rock-spring-rd,39.56149786307371,-76.37297281858059,Maryland
3114,3443 Donnell Dr,Forestville,MD,20747,(301) 420-0218,md/forestville/3443-donnell-dr,38.846202196802416,-76.88526455398465,Maryland
2747,11811 W Market Pl,Fulton,MD,20759,(240) 636-5950,md/fulton/11811-w-market-pl,39.14962293900993,-76.909739677537,Maryland
654,2503 Brandermill Blvd,Gambrills,MD,21054,(410) 451-4161,md/gambrills/2503-brandermill-blvd,39.03805526142143,-76.68011710835833,Maryland
438,5506 Cherrywood Ln,Greenbelt,MD,20770,(301) 982-6722,md/greenbelt/5506-cherrywood-ln,38.998616289935974,-76.9121508388173,Maryland
535,7049 Arundel Mills Cir,Hanover,MD,21076,(410) 796-5028,md/hanover/7049-arundel-mills-cir,39.153288699723134,-76.72458766135958,Maryland
635,112 Shawan Rd,Hunt Valley,MD,21030,(410) 771-6025,md/hunt-valley/112-shawan-rd,39.49666393876102,-76.65439867974487,Maryland
1439,10526 Connecticut Ave,Kensington,MD,20895,(240) 292-7927,md/kensington/10526-connecticut-ave,39.0279113,-77.0767603,Maryland
1639,105 Drury Dr,La Plata,MD,20646,(301) 392-1924,md/la-plata/105-drury-dr,38.54705998648023,-76.98435125244674,Maryland
2038,9301 Woodmore Center Dr,Lanham,MD,20706,(301) 341-0897,md/lanham/9301-woodmore-center-dr,38.92132285312218,-76.84679080772418,Maryland
961,22720 Three Notch Rd,Lexington Park,MD,20653,(240) 725-0330,md/lexington-park/22720-three-notch-rd,38.29199297143081,-76.49364679155076,Maryland
2763,1622 W Nursery Rd,Linthicum Heights,MD,21090,(410) 850-8397,md/linthicum-heights/1622-w-nursery-rd,39.2021190608459,-76.68350122555148,Maryland
1283,1830 York Rd,Lutherville Timonium,MD,21093,(410) 308-2616,md/lutherville-timonium/1830-york-rd,39.432695484655554,-76.62327665062207,Maryland
1477,439 E Ridgeville Blvd,Mount Airy,MD,21771,(301) 829-5086,md/mount-airy/439-e-ridgeville-blvd,39.36459428127835,-77.16032140557706,Maryland
2695,8490 Annapolis Rd,New Carrollton,MD,20784,(301) 306-5132,md/new-carrollton/8490-annapolis-rd,38.95776505795216,-76.86997491794443,Maryland
,2570 Pulaski Highway,North East,MD,21901,(443) 967-5771,md/north-east/2570-pulaski-highway,39.60706607918323,-75.95025780045546,Maryland
1449,3333 Olney Sandy Springs Rd,Olney,MD,20832,(301) 570-1729,md/olney/3333-olney-sandy-springs-rd,39.15319846069241,-77.06617600735763,Maryland
2329,10150 Reisterstown Rd,Owings Mills,MD,21117,(443) 394-9121,md/owings-mills/10150-reisterstown-rd,39.41260253780773,-76.77222599995616,Maryland
2669,7711 Harford Rd,Parkville,MD,21234,(410) 663-0167,md/parkville/7711-harford-rd,39.373204214057736,-76.5425615476296,Maryland
,4107 Mountain Rd,Pasadena,MD,21122,(443) 702-5843,md/pasadena/4107-mountain-rd,39.122475857747965,-76.5164160583377,Maryland
1463,1809 Reisterstown Rd,Pikesville,MD,21208,(410) 205-2854,md/pikesville/1809-reisterstown-rd,39.388347287765285,-76.73605543096829,Maryland
2130,10116 River Rd,Potomac,MD,20854,(301) 299-3563,md/potomac/10116-river-rd,39.01644679341568,-77.20893042177562,Maryland
2649,144 W Dares Beach Rd,Prince Frederick,MD,20678,(410) 535-0252,md/prince-frederick/144-w-dares-beach-rd,38.54466171997771,-76.59210094780951,Maryland
3541,11907 Reisterstown Rd,Reisterstown,MD,21136,(410) 702-4068,md/reisterstown/11907-reisterstown-rd,39.448327221380644,-76.81527712460971,Maryland
1649,8652 Pulaski Hwy,Rosedale,MD,21237,(443) 460-4096,md/rosedale/8652-pulaski-hwy,39.33537698500711,-76.48506029799495,Maryland
1168,575 Ritchie Hwy,Severna Park,MD,21146,(410) 315-9501,md/severna-park/575-ritchie-hwy,39.07755450702842,-76.54456575538987,Maryland
,5204 Auth Road,Suitland,MD,20746,(240) 312-2413,md/suitland/5204-auth-road,38.82344314577625,-76.91845329926512,Maryland
2365,6400F Ridge Rd,Sykesville,MD,21784,(410) 795-2709,md/sykesville/6400f-ridge-rd,39.39860346866151,-76.93320895635838,Maryland
2468,2 Watkins Park Dr,Upper Marlboro,MD,20774,(301) 249-4941,md/upper-marlboro/2-watkins-park-dr,38.89993307622743,-76.79169209816496,Maryland
739,3250 Crain Hwy,Waldorf,MD,20603,(301) 632-6959,md/waldorf/3250-crain-hwy,38.62276907834729,-76.91339869596544,Maryland
1515,631 Baltimore Blvd,Westminster,MD,21157,(410) 848-2143,md/westminster/631-baltimore-blvd,39.56205587465604,-76.9716109974724,Maryland
2055,11160 Viers Mill Rd,Wheaton,MD,20902,(240) 292-7413,md/wheaton/11160-viers-mill-rd,39.036633,-77.054969,Maryland
1891,7091 Security Blvd,Windsor Mill,MD,21244,(443) 200-6190,md/windsor-mill/7091-security-blvd,39.312568,-76.755543,Maryland
2509,228 Washington St,Attleboro,MA,02703,(508) 399-7234,ma/attleboro/228-washington-st,41.92395946230374,-71.35597213369768,Massachusetts
2016,301 Great Rd,Bedford,MA,01730,(781) 271-0219,ma/bedford/301-great-rd,42.48626123410977,-71.26263480115858,Massachusetts
1957,55 Dodge St,Beverly,MA,01915,(978) 816-7955,ma/beverly/55-dodge-st,42.57584265788783,-70.89123382703752,Massachusetts
2435,199 Boston Rd,Billerica,MA,01862,(978) 667-1980,ma/billerica/199-boston-rd,42.5806321,-71.2882042,Massachusetts
1059,1924 Beacon St,Brighton,MA,02135,(617) 232-0788,ma/brighton/1924-beacon-st,42.33645762978058,-71.14958375090885,Massachusetts
3149,500 Westgate Dr,Brockton,MA,02301,(508) 586-0102,ma/brockton/500-westgate-dr,42.09357080328743,-71.05460054246309,Massachusetts
1357,876 Commonwealth Avenue,Brookline,MA,02215,(617) 232-1360,ma/brookline/876-commonwealth-avenue,42.35065776049674,-71.11466163346131,Massachusetts
1474,110 Mall Rd,Burlington,MA,01803,(781) 345-1195,ma/burlington/110-mall-rd,42.486152060176174,-71.21269705092556,Massachusetts
2744,65 Drum Hill Rd,Chelmsford,MA,01824,(978) 452-0693,ma/chelmsford/65-drum-hill-rd,42.62507684477862,-71.36244698020944,Massachusetts
1580,530 Memorial Dr,Chicopee,MA,01020,(413) 592-5455,ma/chicopee/530-memorial-dr,42.17270365158624,-72.57759079804623,Massachusetts
1034,176 Providence Hwy,Dedham,MA,02026,(781) 329-2332,ma/dedham/176-providence-hwy,42.25767266510431,-71.1676587490188,Massachusetts
2954,27 District Ave,Dorchester,MA,02125,(617) 282-4374,ma/dorchester/27-district-ave,42.32573388562526,-71.06219620704309,Massachusetts
3334,42 Center Square,East Longmeadow,MA,01028,(413) 525-1059,ma/east-longmeadow/42-center-square,42.0650622,-72.5150848,Massachusetts
,12 Plaza Way,Fairhaven,MA,02719,(774) 425-5008,ma/fairhaven/12-plaza-way,41.64112595295818,-70.88623984905149,Massachusetts
,575 Newton St,Fall River,MA,02721,(508) 689-4137,ma/fall-river/575-newton-st,41.67351203979578,-71.16535178430863,Massachusetts
1211,1 Worcester Rd,Framingham,MA,01701,(508) 879-0823,ma/framingham/1-worcester-rd,42.301373531680525,-71.39622610309446,Massachusetts
1686,5 Franklin Village Dr,Franklin,MA,02038,(508) 803-8560,ma/franklin/5-franklin-village-dr,42.09001557800008,-71.42173434601534,Massachusetts
1693,334 Russell St,Hadley,MA,01035,(413) 587-9888,ma/hadley/334-russell-st,42.356943769021136,-72.55387876380632,Massachusetts
3627,1773 Washington St,Hanover,MA,02339,(781) 499-6026,ma/hanover/1773-washington-st,42.14785995928059,-70.84469669091864,Massachusetts
3248,89 Plaistow Rd,Haverhill,MA,01830,(978) 372-0595,ma/haverhill/89-plaistow-rd,42.814191790595714,-71.10198715931274,Massachusetts
1406,92 Derby St,Hingham,MA,02043,(781) 741-9890,ma/hingham/92-derby-st,42.17859623284459,-70.90943724218072,Massachusetts
2693,235 Whiting Farms Rd,Holyoke,MA,01040,(413) 650-0574,ma/holyoke/235-whiting-farms-rd,42.17506207485228,-72.64160364636464,Massachusetts
3332,793 Iyannough Rd,Hyannis,MA,02601,(508) 815-3290,ma/hyannis/793-iyannough-rd,41.667623,-70.295635,Massachusetts
3485,252 Mill St,Leominster,MA,01453,(978) 401-4807,ma/leominster/252-mill-st,42.5334569,-71.74348189999999,Massachusetts
,425 Market Street,Lynnfield,MA,01940,(781) 651-4164,ma/lynnfield/425-market-street,42.51539926970135,-71.03367553208723,Massachusetts
1113,287 School St,Mansfield,MA,02048,(508) 339-2061,ma/mansfield/287-school-st,42.015969,-71.231264,Massachusetts
,250 Main Street,Medfield,MA,02052,(774) 403-5071,ma/medfield/250-main-street,42.1940395,-71.28992099999999,Massachusetts
870,616 Fellsway,Medford,MA,02155,(781) 393-6871,ma/medford/616-fellsway,42.40599936777244,-71.08285075070961,Massachusetts
,67B Main Street,Medway,MA,02053,(774) 507-2081,ma/medway/67b-main-street,42.15258891056673,-71.40544760934179,Massachusetts
2592,90 Pleasant Valley St,Methuen,MA,01844,(978) 794-0617,ma/methuen/90-pleasant-valley-st,42.744006045776224,-71.15655964878516,Massachusetts
3117,128 Medway Rd,Milford,MA,01757,(508) 473-0261,ma/milford/128-medway-rd,42.14873033482479,-71.4883163660987,Massachusetts
2987,219 N Main St,Natick,MA,01760,(508) 653-1007,ma/natick/219-n-main-st,42.30207221886253,-71.35949139851841,Massachusetts
3487,47 Storey Ave,Newburyport,MA,01950,(978) 961-0207,ma/newburyport/47-storey-ave,42.8207365,-70.90657,Massachusetts
1425,93 Turnpike St,North Andover,MA,01845,(978) 688-1883,ma/north-andover/93-turnpike-st,42.675982536577315,-71.13177529434692,Massachusetts
1855,349 State Rd,North Dartmouth,MA,02747,(774) 634-3358,ma/north-dartmouth/349-state-rd,41.63947571200301,-70.99168797845522,Massachusetts
1260,1415 Boston-Providence Highway,Norwood,MA,02062,(781) 762-2550,ma/norwood/1415-boston-providence-highway,42.16446028388891,-71.19962361922472,Massachusetts
1114,210 Andover St,Peabody,MA,01960,(978) 531-4857,ma/peabody/210-andover-st,42.541361760311986,-70.9446708607682,Massachusetts
,555 Hubbard Ave,Pittsfield,MA,01201,(413) 449-2677,ma/pittsfield/555-hubbard-ave,42.468994179025735,-73.19694428346244,Massachusetts
3299,51-9 Commerce Way Plaza,Plymouth,MA,02360,(774) 404-7095,ma/plymouth/51-9-commerce-way-plaza,41.9528203,-70.7110798,Massachusetts
1150,60 Newport Ave,Quincy,MA,02171,(617) 328-0413,ma/quincy/60-newport-ave,42.27258364905824,-71.027264927001,Massachusetts
2667,51 Warren St,Randolph,MA,02368,(781) 961-1806,ma/randolph/51-warren-st,42.165751,-71.045489,Massachusetts
1817,421 New State Hwy,Raynham,MA,02767,(774) 226-7765,ma/raynham/421-new-state-hwy,41.90581720626018,-71.0495789587257,Massachusetts
2654,46 Walkers Brook Dr,Reading,MA,01867,(781) 944-8924,ma/reading/46-walkers-brook-dr,42.5196617,-71.0922519,Massachusetts
1243,444 Broadway,Saugus,MA,01906,(781) 231-0175,ma/saugus/444-broadway,42.479612,-71.02111,Massachusetts
2194,35 Highland Ave,Seekonk,MA,02771,(508) 343-1000,ma/seekonk/35-highland-ave,41.802202311143695,-71.33767903909586,Massachusetts
1267,97 Boston Turnpike,Shrewsbury,MA,01545,(508) 752-1726,ma/shrewsbury/97-boston-turnpike,42.275430207647794,-71.74975460061171,Massachusetts
1036,274 Elm St,Somerville,MA,02144,(617) 623-1759,ma/somerville/274-elm-st,42.39590337320467,-71.1224187935187,Massachusetts
1806,450 Paradise Rd,Swampscott,MA,01907,(339) 883-9994,ma/swampscott/450-paradise-rd,42.48179408176287,-70.90377142770052,Massachusetts
,1 Seth F Tobey Rd,Wareham,MA,02571,(508) 273-2351,ma/wareham/1-seth-f-tobey-rd,41.7814547998892,-70.74474773472521,Massachusetts
3333,69 Bond St,Watertown,MA,02472,(617) 231-7879,ma/watertown/69-bond-st,42.36209172893778,-71.15983623460944,Massachusetts
2905,219 Memorial Ave,West Springfield,MA,01089,(413) 736-1005,ma/west-springfield/219-memorial-ave,42.095728761870255,-72.59997951843201,Massachusetts
1108,1 Oak St,Westborough,MA,01581,(508) 366-0653,ma/westborough/1-oak-st,42.285891454440396,-71.60854003387867,Massachusetts
4011,465 East Main Street,Westfield,MA,01085,(413) 729-6688,ma/westfield/465-east-main-street,42.112263,-72.7230701,Massachusetts
1676,174 Littleton Rd,Westford,MA,01886,(978) 577-4776,ma/westford/174-littleton-rd,42.56654904926452,-71.42283303028772,Massachusetts
2427,217 University Ave,Westwood,MA,02090,(781) 329-0936,ma/westwood/217-university-ave,42.20453889618301,-71.15359338711983,Massachusetts
1098,112 Commerce Way,Woburn,MA,01801,(781) 933-5450,ma/woburn/112-commerce-way,42.516557,-71.137859,Massachusetts
3205,49 Park Ave,Worcester,MA,01605,(774) 420-7718,ma/worcester/49-park-ave,42.282189346638546,-71.80815702943039,Massachusetts
2206,1421 S Main St,Adrian,MI,49221,(517) 264-1061,mi/adrian/1421-s-main-st,41.8757502985246,-84.04248424780951,Michigan
2712,3125 Fairlane Dr,Allen Park,MI,48101,(313) 982-1569,mi/allen-park/3125-fairlane-dr,42.28295078426496,-83.20371498668248,Michigan
,3921 WILDER RD,Bay City,MI,48706,(303) 595-4000,mi/bay-city/3921-wilder-rd,43.625463960873795,-83.89709929155079,Michigan
2596,2100 S Telegraph Rd,Bloomfield Hills,MI,48302,(248) 451-9129,mi/bloomfield-hills/2100-s-telegraph-rd,42.607498774128636,-83.3003020595072,Michigan
2842,8599 W Grand River Ave,Brighton,MI,48116,(810) 225-8302,mi/brighton/8599-w-grand-river-ave,42.5409873,-83.7859023,Michigan
3045,27810 23 Mile Rd,Chesterfield,MI,48051,(586) 949-1908,mi/chesterfield/27810-23-mile-rd,42.674108869452084,-82.82958702221708,Michigan
,40287 S Groesbeck Hwy,Clinton Township,MI,48036,(586) 477-4809,mi/clinton-township/40287-s-groesbeck-hwy,42.594048878013645,-82.90110380469426,Michigan
,273 Haggerty Road,Commerce Charter Township,MI,48390,(947) 214-3059,mi/commerce-charter-township/273-haggerty-road,42.529633071371194,-83.43855359999999,Michigan
3768,26670 Ford Road,Dearborn Heights,MI,48127,(313) 908-6132,mi/dearborn-heights/26670-ford-road,42.326369,-83.302553,Michigan
3692,4444 Radnor St,Detroit,MI,48224,(313) 925-3222,mi/detroit/4444-radnor-st,42.406505,-82.915808,Michigan
3603,23123 Woodward Ave,Ferndale,MI,48220,(248) 654-6865,mi/ferndale/23123-woodward-ave,42.463648,-83.13718068220903,Michigan
2688,4485 Miller Rd,Flint,MI,48507,(810) 732-2036,mi/flint/4485-miller-rd,42.976654708698675,-83.76849867528625,Michigan
2019,3070 44th St SW,Grandville,MI,49418,(616) 249-8379,mi/grandville/3070-44th-st-sw,42.88427189400618,-85.73974329806742,Michigan
2984,12365 James St,Holland,MI,49424,(616) 392-1207,mi/holland/12365-james-st,42.81533812611769,-86.08912204887679,Michigan
1729,5363B W Main St,Kalamazoo,MI,49009,(269) 382-7011,mi/kalamazoo/5363b-w-main-st,42.295395056617814,-85.65528129691847,Michigan
1043,3610 28th St SE,Kentwood,MI,49512,(616) 885-1520,mi/kentwood/3610-28th-st-se,42.91196550026813,-85.57812059138428,Michigan
3617,13900 Middlebelt Road,Livonia,MI,48150,(734) 469-3459,mi/livonia/13900-middlebelt-road,42.384221850779454,-83.3332336045352,Michigan
2173,32 E 14 Mile Rd,Madison Heights,MI,48071,(248) 581-8014,mi/madison-heights/32-e-14-mile-rd,42.533888815725625,-83.10599656385347,Michigan
4478,1316 N Telegraph Rd,Monroe,MI,48162,(734) 410-4366,mi/monroe/1316-n-telegraph-rd,41.93958039486564,-83.40495561224873,Michigan
3099,1720 S Mission St,Mt Pleasant,MI,48858,(989) 772-1475,mi/mt-pleasant/1720-s-mission-st,43.58494491390241,-84.76809401165676,Michigan
2420,18885 Traditions Dr,Northville,MI,48168,(248) 347-0966,mi/northville/18885-traditions-dr,42.42403597052689,-83.4337969256959,Michigan
4241,3194 Henry St,Norton Shores,MI,49441,(231) 283-6344,mi/norton-shores/3194-henry-st,43.19405431933332,-86.2629927111942,Michigan
2840,43345 Crescent Blvd,Novi,MI,48375,(248) 349-4029,mi/novi/43345-crescent-blvd,42.4836793104075,-83.47418975594854,Michigan
3513,2085 W Grand River Ave,Okemos,MI,48864,(517) 580-0124,mi/okemos/2085-w-grand-river-ave,42.72133653070334,-84.42689782209017,Michigan
2639,4921 S Baldwin Rd,Orion,MI,48359,(248) 391-0167,mi/orion/4921-s-baldwin-rd,42.70905484999997,-83.30657175428178,Michigan
,40815 Ann Arbor Road,Plymouth Township,MI,48170,(734) 259-2295,mi/plymouth-township/40815-ann-arbor-road,42.35981382653887,-83.44394450591763,Michigan
3042,5964 S Westnedge Ave,Portage,MI,49002,(269) 337-0599,mi/portage/5964-s-westnedge-ave,42.230616544030255,-85.59017466073057,Michigan
2481,32463 Gratiot Ave,Roseville,MI,48066,(586) 294-4459,mi/roseville/32463-gratiot-ave,42.53585492279821,-82.91247584458478,Michigan
2163,2721 Tittabawassee Rd,Saginaw,MI,48604,(989) 484-9603,mi/saginaw/2721-tittabawassee-rd,43.47945585000001,-83.97004699907382,Michigan
3345,13488 23 Mile Rd,Shelby Township,MI,48315,(586) 580-7912,mi/shelby-township/13488-23-mile-rd,42.66988770179428,-82.99839530893809,Michigan
3394,23111 Eureka Rd,Taylor,MI,48180,(313) 528-6244,mi/taylor/23111-eureka-rd,42.1971736,-83.257584,Michigan
2638,30229 Mound Rd,Warren,MI,48092,(586) 558-3010,mi/warren/30229-mound-rd,42.51430447569683,-83.04767732113135,Michigan
720,6753 Orchard Lake Rd,West Bloomfield,MI,48322,(248) 539-9014,mi/west-bloomfield/6753-orchard-lake-rd,42.539072404298956,-83.35992577944512,Michigan
,28703 South Wixom Road,Wixom,MI,48393,(947) 600-7413,mi/wixom/28703-south-wixom-road,42.50189,-83.53699,Michigan
2790,23061 Allen Rd,Woodhaven,MI,48183,(734) 692-0828,mi/woodhaven/23061-allen-rd,42.14021839088831,-83.22505900596883,Michigan
3427,14203 Edgewood Dr,Baxter,MN,56425,(218) 297-0397,mn/baxter/14203-edgewood-dr,46.35806304506504,-94.24540780725263,Minnesota
2803,5711 Xerxes Ave N,Brooklyn Center,MN,55430,(763) 560-1369,mn/brooklyn-center/5711-xerxes-ave-n,45.059130015455835,-93.32097112656118,Minnesota
265,728 County Road 42 W,Burnsville,MN,55337,(952) 435-3176,mn/burnsville/728-county-road-42-w,44.747526050058624,-93.28876236879,Minnesota
2724,11209 Aquila Dr N,Champlin,MN,55316,(763) 427-1082,mn/champlin/11209-aquila-dr-n,45.15837684699266,-93.39083319933877,Minnesota
431,560 W 79th St,Chanhassen,MN,55317,(952) 294-0301,mn/chanhassen/560-w-79th-st,44.85937637231531,-93.53439671263925,Minnesota
3327,1112 Hazeltine Blvd,Chaska,MN,55318,(952) 368-0044,mn/chaska/1112-hazeltine-blvd,44.8344945,-93.60105039999999,Minnesota
2692,5200 Central Ave NE,Columbia Heights,MN,55421,(763) 572-7887,mn/columbia-heights/5200-central-ave-ne,45.062696625425446,-93.24830224761519,Minnesota
2437,7180 E Point Douglas Rd S,Cottage Grove,MN,55016,(651) 202-4192,mn/cottage-grove/7180-e-point-douglas-rd-s,44.83284673716399,-92.95762394222169,Minnesota
764,5608 W Broadway Ave,Crystal,MN,55428,(763) 535-3303,mn/crystal/5608-w-broadway-ave,45.05518923319603,-93.3647935732962,Minnesota
2210,1600 Miller Trunk Hwy,Duluth,MN,55811,(218) 213-9925,mn/duluth/1600-miller-trunk-hwy,46.803949,-92.159416,Minnesota
338,13250 Technology Dr,Eden Prairie,MN,55344,(952) 934-5955,mn/eden-prairie/13250-technology-dr,44.85922235387682,-93.44283415990651,Minnesota
419,6801 York Ave S,Edina,MN,55435,(952) 926-6651,mn/edina/6801-york-ave-s,44.87921778415608,-93.32052466660014,Minnesota
925,18201 Carson Ct NW,Elk River,MN,55330,(763) 441-3662,mn/elk-river/18201-carson-ct-nw,45.30126488846267,-93.55510211717933,Minnesota
3572,107 12th St SW,Forest Lake,MN,55025,(612) 445-5797,mn/forest-lake/107-12th-st-sw,45.278299141635905,-92.99819927396862,Minnesota
774,515 Winnetka Ave N,Golden Valley,MN,55427,(763) 544-2530,mn/golden-valley/515-winnetka-ave-n,44.98447946188086,-93.38095784142078,Minnesota
782,1769 N Frontage Rd,Hastings,MN,55033,(651) 437-3196,mn/hastings/1769-n-frontage-rd,44.738860205232754,-92.89264836165677,Minnesota
593,786 Mainstreet,Hopkins,MN,55343,(952) 935-0044,mn/hopkins/786-mainstreet,44.92422978165354,-93.40994774689165,Minnesota
,5697 Blaine Ave E,Inver Grove Heights,MN,55076,(651) 461-4711,mn/inver-grove-heights/5697-blaine-ave-e,44.86638199999999,-93.055904,Minnesota
3214,17599 Kenwood Trl,Lakeville,MN,55044,(952) 892-0110,mn/lakeville/17599-kenwood-trl,44.69403146679391,-93.28590678018827,Minnesota
,5330 St Croix Trail,North Branch,MN,55056,(651) 243-3824,mn/north-branch/5330-st-croix-trail,45.51031829999999,-93.0004737,Minnesota
,1725 Lor Ray Drive,North Mankato,MN,56003,(507) 512-1689,mn/north-mankato/1725-lor-ray-drive,44.177961919650905,-94.0340540670139,Minnesota
653,13315 60th St N,Oak Park Heights,MN,55082,(651) 439-3390,mn/oak-park-heights/13315-60th-st-n,45.035619095416365,-92.83744054851013,Minnesota
196,3425 Vicksburg Ln N,Plymouth,MN,55447,(763) 519-0063,mn/plymouth/3425-vicksburg-ln-n,45.02056799654127,-93.48255653840852,Minnesota
2705,13590 Northdale Blvd,Rogers,MN,55374,(763) 428-5232,mn/rogers/13590-northdale-blvd,45.200674779907764,-93.55394364418032,Minnesota
2919,3390 150th St W,Rosemount,MN,55068,(651) 423-6405,mn/rosemount/3390-150th-st-w,44.731258428365656,-93.13323360978876,Minnesota
3571,14008 Highway 13 S,Savage,MN,55378,(612) 445-5627,mn/savage/14008-highway-13-s,44.74925656534665,-93.38040927116394,Minnesota
1865,1021 Red Fox Rd,Shoreview,MN,55126,(651) 900-8017,mn/shoreview/1021-red-fox-rd,45.058069133687646,-93.14349836197653,Minnesota
3256,5580 Excelsior Blvd,St Louis Park,MN,55416,(952) 922-9390,mn/st-louis-park/5580-excelsior-blvd,44.931819647747545,-93.34890122329615,Minnesota
876,925 County Road E E,Vadnais Heights,MN,55127,(651) 486-7129,mn/vadnais-heights/925-county-road-e-e,45.052048364699914,-93.06336690720585,Minnesota
884,1313 Wayzata Blvd,Wayzata,MN,55391,(952) 473-7100,mn/wayzata/1313-wayzata-blvd,44.971453561153304,-93.49667614479199,Minnesota
226,1857 Robert St S,West St Paul,MN,55118,(651) 552-2110,mn/west-st-paul/1857-robert-st-s,44.89014401517024,-93.08115496999642,Minnesota
,3990 Promenade Pkwy,Diberville,MS,39540,(228) 828-3788,ms/diberville/3990-promenade-pkwy,30.455246149763916,-88.90523272681911,Mississippi
,108 Market St,Flowood,MS,39232,(601) 829-5062,ms/flowood/108-market-st,32.33827939761708,-90.06743069420992,Mississippi
,164 Grandview Blvd,Madison,MS,39110,(769) 666-6903,ms/madison/164-grandview-blvd,32.4616378,-90.1352134,Mississippi
4561,8255 McGregor Crossing,Olive Branch,MS,38654,(662) 932-4175,ms/olive-branch/8255-mcgregor-crossing,34.96473058436284,-89.84374176680979,Mississippi
2917,2151 Jackson Ave W,Oxford,MS,38655,(662) 236-6412,ms/oxford/2151-jackson-ave-w,34.363561689152064,-89.55934400122501,Mississippi
,5718 Highway 80 E,Pearl,MS,39208,(228) 299-0016,ms/pearl/5718-highway-80-e,32.2861267,-90.05575,Mississippi
4443,836 E County Line Rd,Ridgeland,MS,39157,(601) 524-2833,ms/ridgeland/836-e-county-line-rd,32.39996300993399,-90.14152155236728,Mississippi
3340,50 Goodman Rd W,Southaven,MS,38671,(662) 253-0390,ms/southaven/50-goodman-rd-w,34.96313576347222,-89.99041155853466,Mississippi
,101 MS Hwy 12,Starkville,MS,39759,(662) 268-4153,ms/starkville/101-ms-hwy-12,33.45482498733447,-88.81318829980077,Mississippi
4165,897 Sawmill Dr,Tupelo,MS,38804,(601) 878-3027,ms/tupelo/897-sawmill-dr,34.30193377842848,-88.7084166093418,Mississippi
1848,1424 E North Ave,Belton,MO,64012,(816) 331-1224,mo/belton/1424-e-north-ave,38.81400620031876,-94.51008904938828,Missouri
2082,3533 McKelvey Rd,Bridgeton,MO,63044,(314) 218-3306,mo/bridgeton/3533-mckelvey-rd,38.75069737001519,-90.42787306688217,Missouri
918,1676 Clarkson Rd,Chesterfield,MO,63017,(636) 536-7752,mo/chesterfield/1676-clarkson-rd,38.64323615873348,-90.56492599053792,Missouri
907,1 N Central Ave,Clayton,MO,63105,(314) 725-5650,mo/clayton/1-n-central-ave,38.650447331545166,-90.33842950429914,Missouri
919,11485 Olive Blvd,Creve Coeur,MO,63141,(314) 983-9358,mo/creve-coeur/11485-olive-blvd,38.6727048258016,-90.4358820615846,Missouri
905,15836 Manchester Rd,Ellisville,MO,63011,(636) 527-9116,mo/ellisville/15836-manchester-rd,38.592189262435525,-90.58439777263294,Missouri
2026,2391 N Highway 67,Florissant,MO,63033,(314) 281-5692,mo/florissant/2391-n-highway-67,38.80460405896498,-90.30859845123297,Missouri
2852,12348 S US Highway 71,Grandview,MO,64030,(816) 763-1350,mo/grandview/12348-s-us-highway-71,38.90203713845913,-94.52527397725112,Missouri
395,18880 E Valley View Pkwy,Independence,MO,64055,(816) 795-0590,mo/independence/18880-e-valley-view-pkwy,39.03368529558999,-94.35792527852152,Missouri
1183,1400 Missouri Blvd,Jefferson City,MO,65109,(573) 634-3532,mo/jefferson-city/1400-missouri-blvd,38.57881916405828,-92.19271097362804,Missouri
2112,631 S Range Line Rd,Joplin,MO,64801,(417) 625-1176,mo/joplin/631-s-range-line-rd,37.084890653812,-94.47663435141283,Missouri
1048,1255 S Kirkwood Rd,Kirkwood,MO,63122,(314) 238-0300,mo/kirkwood/1255-s-kirkwood-rd,38.56253976645147,-90.40729036091784,Missouri
920,112 Laura K Dr,O Fallon,MO,63366,(636) 240-7276,mo/o-fallon/112-laura-k-dr,38.78051255402002,-90.69898105441882,Missouri
1849,9205 E State Route 350,Raytown,MO,64133,(816) 743-0284,mo/raytown/9205-e-state-route-350,38.99439833137826,-94.47454979169265,Missouri
3884,2014 Zumbehl Rd,Saint Charles,MO,63303,(636) 723-9288,mo/saint-charles/2014-zumbehl-rd,38.784217273066915,-90.53149373751111,Missouri
669,5107 N Belt Hwy,Saint Joseph,MO,64506,(816) 387-8424,mo/saint-joseph/5107-n-belt-hwy,39.81365484928083,-94.81386638100298,Missouri
3010,728 N Maguire St,Warrensburg,MO,64093,(660) 422-3212,mo/warrensburg/728-n-maguire-st,38.77232131297159,-93.73592333344976,Missouri
2318,1919 W Main St,Bozeman,MT,59718,(406) 585-3406,mt/bozeman/1919-w-main-st,45.67971780032458,-111.0628748089216,Montana
,1900 10th Ave S,Great Falls,MT,59405,(406) 604-0586,mt/great-falls/1900-10th-ave-s,47.493864634495935,-111.27446541100416,Montana
,2264 US Highway 93 N,Kalispell,MT,59901,(406) 755-0078,mt/kalispell/2264-us-highway-93-n,48.23159070508942,-114.33143489203071,Montana
2495,2995 N Reserve St,Missoula,MT,59808,(406) 549-8030,mt/missoula/2995-n-reserve-st,46.89221348545514,-114.03987478276929,Montana
784,10403 S 15th St,Bellevue,NE,68123,(402) 291-3035,ne/bellevue/10403-s-15th-st,41.157895015666575,-95.9347661338046,Nebraska
,820 N 205th St,Elkhorn,NE,68022,(402) 415-0615,ne/elkhorn/820-n-205th-st,41.26611473064639,-96.23706634309319,Nebraska
,3550 E Elk Ln,Fremont,NE,68025,(402) 919-6540,ne/fremont/3550-e-elk-ln,41.4504637,-96.452519,Nebraska
3809,3440 W. State St.,Grand Island,NE,68803,(308) 318-5313,ne/grand-island/3440-w-state-st,40.93904150478229,-98.38280511708099,Nebraska
,5001 2nd Ave,Kearney,NE,68847,(308) 224-2341,ne/kearney/5001-2nd-ave,40.72354583393875,-99.08337954600621,Nebraska
2440,9820 S 71st Plz,Papillion,NE,68133,(402) 331-2874,ne/papillion/9820-s-71st-plz,41.162446009209646,-96.02284364293956,Nebraska
3009,1457 S Carson St,Carson City,NV,89701,(775) 885-7502,nv/carson-city/1457-s-carson-st,39.15402599882324,-119.7666478316948,Nevada
,145 Falcon Ridge Pkwy,Mesquite,NV,89027,(725) 529-3248,nv/mesquite/145-falcon-ridge-pkwy,36.801154,-114.108806,Nevada
,540 S Hwy 160,Pahrump,NV,89048,(775) 505-2418,nv/pahrump/540-s-hwy-160,36.211458,-115.989945,Nevada
2305,1560 E Lincoln Way,Sparks,NV,89434,(775) 358-0695,nv/sparks/1560-e-lincoln-way,39.53398870261916,-119.71814222879658,Nevada
1799,99 S River Rd,Bedford,NH,03110,(603) 263-0873,nh/bedford/99-s-river-rd,42.95644295645826,-71.47796522858198,New Hampshire
2826,265 Loudon Rd,Concord,NH,03301,(603) 223-5936,nh/concord/265-loudon-rd,43.22450936024901,-71.49008124532543,New Hampshire
3156,826 Central Ave,Dover,NH,03820,(603) 740-8984,nh/dover/826-central-ave,43.215338,-70.880136,New Hampshire
2959,333 Winchester St,Keene,NH,03431,(603) 352-6761,nh/keene/333-winchester-st,42.925185501688475,-72.28990827226318,New Hampshire
1473,926 S Willow St,Manchester,NH,03103,(603) 624-2084,nh/manchester/926-s-willow-st,42.9633032,-71.4416697,New Hampshire
1097,45 Gosling Rd,Newington,NH,03801,(603) 433-5981,nh/newington/45-gosling-rd,43.09465206894096,-70.79901296502972,New Hampshire
,1549 White Mountain Hwy,North Conway,NH,03860,(603) 356-0037,nh/north-conway/1549-white-mountain-hwy,44.02143267858732,-71.1154819862158,New Hampshire
3401,2422 Lafayette Road,Portsmouth,NH,03801,(603) 427-1012,nh/portsmouth/2422-lafayette-road,43.03575667,-70.784355,New Hampshire
3515,12 South Village Drive,Salem,NH,03079,(603) 870-0997,nh/salem/12-south-village-drive,42.77776931490941,-71.22939156207904,New Hampshire
3667,18 Portsmouth Ave,Stratham,NH,03885,(603) 772-1281,nh/stratham/18-portsmouth-ave,42.994358491614086,-70.92500159580717,New Hampshire
2475,25 Mountainview Blvd,Basking Ridge,NJ,07920,(908) 647-0725,nj/basking-ridge/25-mountainview-blvd,40.64419307055649,-74.57722822947215,New Jersey
,2 N Black Horse Pike,Bellmawr,NJ,08031,(856) 861-6435,nj/bellmawr/2-n-black-horse-pike,39.866827239371155,-75.08011520524347,New Jersey
3228,80 Morristown Rd,Bernardsville,NJ,07924,(908) 953-2980,nj/bernardsville/80-morristown-rd,40.7198516846155,-74.56373531026071,New Jersey
3086,240 Bloomfield Ave,Bloomfield,NJ,07003,(973) 748-6061,nj/bloomfield/240-bloomfield-ave,40.78182251759875,-74.19175627741595,New Jersey
2934,318 Chimney Rock Rd,Bound Brook,NJ,08805,(732) 469-4348,nj/bound-brook/318-chimney-rock-rd,40.57671011927211,-74.55933540818782,New Jersey
2480,74 Brick Plz,Brick,NJ,08723,(732) 920-1269,nj/brick/74-brick-plz,40.058928519264676,-74.14229528774888,New Jersey
867,640 Commons Way,Bridgewater,NJ,08807,(908) 231-0398,nj/bridgewater/640-commons-way,40.58284577212148,-74.61441944884422,New Jersey
,1805 Mount Holly Rd,Burlington,NJ,08016,(609) 733-0519,nj/burlington/1805-mount-holly-rd,40.05529779770266,-74.8443594076305,New Jersey
3594,537 US Hwy 206,Chester,NJ,07930,(908) 955-0028,nj/chester/537-us-hwy-206,40.7790683032373,-74.69548689091381,New Jersey
2761,115 Route 130 S,Cinnaminson,NJ,08077,(856) 735-5894,nj/cinnaminson/115-route-130-s,39.989013094506895,-75.00973076146823,New Jersey
2256,1255 Raritan Rd,Clark,NJ,07066,(732) 381-0527,nj/clark/1255-raritan-rd,40.63281404468967,-74.30502498491127,New Jersey
,1410 Blackwood Clementon Rd,Clementon,NJ,08021,(856) 282-2193,nj/clementon/1410-blackwood-clementon-rd,39.803088296915455,-75.0372827893465,New Jersey
817,380 State Rt 3,Clifton,NJ,07014,(973) 916-0040,nj/clifton/380-state-rt-3,40.83031488459754,-74.13764423311787,New Jersey
2943,83 Ver Valen St,Closter,NJ,07624,(201) 768-2505,nj/closter/83-ver-valen-st,40.970002194698985,-73.95509991413883,New Jersey
1709,2000 Clements Bridge Road,Deptford,NJ,08096,(856) 384-2890,nj/deptford/2000-clements-bridge-road,39.84181082279356,-75.0924170116142,New Jersey
1725,609 State Route 18,East Brunswick,NJ,08816,(732) 234-4740,nj/east-brunswick/609-state-route-18,40.43526123782355,-74.3903575319639,New Jersey
1233,368 State Route 10,East Hanover,NJ,07936,(973) 599-1370,nj/east-hanover/368-state-route-10,40.80362558481626,-74.36268828619365,New Jersey
1949,40 State Rt 17,East Rutherford,NJ,07073,(201) 549-5302,nj/east-rutherford/40-state-rt-17,40.83113323097657,-74.08911338735766,New Jersey
,319 US Highway 130,East Windsor,NJ,08520,(609) 301-6064,nj/east-windsor/319-us-highway-130,40.27842969301097,-74.53220118733057,New Jersey
1293,186 Hwy 35,Eatontown,NJ,07724,(732) 389-5041,nj/eatontown/186-hwy-35,40.28991070751802,-74.0525743204862,New Jersey
1332,14 The Promenade,Edgewater,NJ,07020,(201) 402-6275,nj/edgewater/14-the-promenade,40.8069854,-73.9902061,New Jersey
,6813 Tilton Rd,Egg Harbor Township,NJ,08234,(609) 910-5929,nj/egg-harbor-township/6813-tilton-rd,39.3917343,-74.559307,New Jersey
1703,10 Nathaniel Pl,Englewood,NJ,07631,(201) 608-0287,nj/englewood/10-nathaniel-pl,40.89534784749867,-73.97619533374689,New Jersey
,287 US 202,Flemington,NJ,08822,(908) 751-1037,nj/flemington/287-us-202,40.50144531787844,-74.85487904246233,New Jersey
,246 North Main Street,Forked River,NJ,08731,(609) 488-4852,nj/forked-river/246-north-main-street,39.84727341188452,-74.18651348450666,New Jersey
2335,134 Linwood Plaza,Fort Lee,NJ,07024,(201) 482-5128,nj/fort-lee/134-linwood-plaza,40.86121976518036,-73.97051911409976,New Jersey
1592,323 W Main St,Freehold,NJ,07728,(732) 358-7721,nj/freehold/323-w-main-st,40.24433084288029,-74.29943478774891,New Jersey
3626,789 Delsea Dr N,Glassboro,NJ,08028,(856) 347-4003,nj/glassboro/789-delsea-dr-n,39.72216621146558,-75.11614951595593,New Jersey
,703 Browning Ln,Gloucester City,NJ,08030,(856) 754-4791,nj/gloucester-city/703-browning-ln,39.8780387,-75.11349589999999,New Jersey
2961,450 Hackensack Ave,Hackensack,NJ,07601,(201) 343-1408,nj/hackensack/450-hackensack-ave,40.90891730236207,-74.02838751238872,New Jersey
3173,649 US Highway 206,Hillsborough,NJ,08844,(908) 431-0280,nj/hillsborough/649-us-highway-206,40.499039542303976,-74.64520861699457,New Jersey
4120,441 Hillsdale Ave,Hillsdale,NJ,07642,(551) 751-6018,nj/hillsdale/441-hillsdale-ave,41.00237888614004,-74.04272783680535,New Jersey
1935,229 Washington Street,Hoboken,NJ,07030,(201) 205-1717,nj/hoboken/229-washington-street,40.739599465749336,-74.02998078583823,New Jersey
2566,2131 State Route 35,Holmdel,NJ,07733,(732) 888-0574,nj/holmdel/2131-state-route-35,40.41524125571341,-74.15871732347284,New Jersey
2569,4733 US Highway 9,Howell,NJ,07731,(732) 364-3937,nj/howell/4733-us-highway-9,40.13435686997923,-74.2229776346573,New Jersey
3071,190 Passaic Ave,Kearny,NJ,07032,(201) 998-0515,nj/kearny/190-passaic-ave,40.75966792630443,-74.15952297422238,New Jersey
3400,3371 US Highway 1,Lawrenceville,NJ,08648,(609) 454-0163,nj/lawrenceville/3371-us-highway-1,40.29721304570206,-74.68261261303502,New Jersey
3391,461 Rte 10,Ledgewood,NJ,07852,(973) 668-4184,nj/ledgewood/461-rte-10,40.8742425,-74.6502446,New Jersey
2171,170 Essex Street,Lodi,NJ,07644,(201) 291-8485,nj/lodi/170-essex-street,40.89111360203947,-74.07195719405536,New Jersey
2030,6 Main St,Madison,NJ,07940,(973) 264-1040,nj/madison/6-main-st,40.7601168,-74.4167983,New Jersey
3519,385 Martin Truex Jr Blvd,Manahawkin,NJ,08050,(609) 488-6350,nj/manahawkin/385-martin-truex-jr-blvd,39.704554,-74.27542199999999,New Jersey
2518,2220 Wrangleboro Rd,Mays Landing,NJ,08330,(609) 484-1403,nj/mays-landing/2220-wrangleboro-rd,39.451182125558205,-74.6377224938658,New Jersey
3211,349 Lake Ave,Metuchen,NJ,08840,(732) 662-9158,nj/metuchen/349-lake-ave,40.54085387381667,-74.36603543238567,New Jersey
2134,18 Farm Vw,Montvale,NJ,07645,(201) 391-8986,nj/montvale/18-farm-vw,41.051032,-74.06184272883604,New Jersey
3290,1600 Nixon Dr,Moorestown,NJ,08057,(856) 234-2317,nj/moorestown/1600-nixon-dr,39.9461120799692,-74.95860536426181,New Jersey
2115,10 Centerton Rd,Mount Laurel,NJ,08054,(856) 206-4024,nj/mount-laurel/10-centerton-rd,39.96992593019781,-74.91403547287803,New Jersey
1256,387 George St,New Brunswick,NJ,08901,(732) 993-1601,nj/new-brunswick/387-george-st,40.49608012866478,-74.44389511532688,New Jersey
2255,1260 Springfield Ave,New Providence,NJ,07974,(908) 665-2185,nj/new-providence/1260-springfield-ave,40.706428985480045,-74.40448128077496,New Jersey
2179,222 Market St,Newark,NJ,07102,(862) 235-1110,nj/newark/222-market-st,40.73476014345793,-74.17034735706045,New Jersey
,121 Water St,Newton,NJ,07860,(973) 862-4755,nj/newton/121-water-st,41.06512810797231,-74.74642932411207,New Jersey
3746,2199 74th St,North Bergen,NJ,07047,(201) 453-4814,nj/north-bergen/2199-74th-st,40.803393020843686,-74.02190013617009,New Jersey
969,524 Shoppes Blvd,North Brunswick,NJ,08902,(732) 342-7272,nj/north-brunswick/524-shoppes-blvd,40.461454461094505,-74.45714599614712,New Jersey
2394,1131 US Highway 46,Parsippany,NJ,07054,(973) 352-6412,nj/parsippany/1131-us-highway-46,40.86189198879906,-74.38771204191426,New Jersey
1751,3522 US Highway 1,Princeton,NJ,08540,(609) 228-6952,nj/princeton/3522-us-highway-1,40.31098031055243,-74.66136013774975,New Jersey
1706,1255 State Rt 17,Ramsey,NJ,07446,(201) 818-0185,nj/ramsey/1255-state-rt-17,41.07066761139971,-74.13941381102774,New Jersey
2680,20 Water St,Red Bank,NJ,07701,(732) 758-8524,nj/red-bank/20-water-st,40.35073914410585,-74.06996564123244,New Jersey
,1705 NJ-47 South,Rio Grande,NJ,08242,(609) 770-4225,nj/rio-grande/1705-nj-47-south,39.0106169,-74.8699179,New Jersey
1810,301 Mt Hope Ave,Rockaway,NJ,07866,(973) 442-0900,nj/rockaway/301-mt-hope-ave,40.907218,-74.554014,New Jersey
1454,2150 Route 35,Sea Girt,NJ,08750,(732) 449-0103,nj/sea-girt/2150-route-35,40.1379976381188,-74.06170585554503,New Jersey
775,700 Plaza Dr,Secaucus,NJ,07094,(201) 330-1349,nj/secaucus/700-plaza-dr,40.78756310779809,-74.0457996006117,New Jersey
3474,415 Egg Harbor Rd,Sewell,NJ,08080,(856) 270-7074,nj/sewell/415-egg-harbor-rd,39.748769960512185,-75.07626577647079,New Jersey
,490B Shrewsbury Plz,Shrewsbury,NJ,07702,(848) 377-3515,nj/shrewsbury/490b-shrewsbury-plz,40.31355178127886,-74.06533827735205,New Jersey
1980,629 Cross Keys Rd,Sicklerville,NJ,08081,(856) 629-2087,nj/sicklerville/629-cross-keys-rd,39.73456393360712,-75.0075366938137,New Jersey
3589,210 New Rd,Somers Point,NJ,08244,(609) 601-4583,nj/somers-point/210-new-rd,39.32894561727126,-74.59486620689503,New Jersey
1772,6850 Hadley Road,South Plainfield,NJ,07080,(908) 462-9690,nj/south-plainfield/6850-hadley-road,40.55451313806272,-74.43135648638497,New Jersey
3030,9 Teterboro Landing Dr,Teterboro,NJ,07608,(201) 288-4903,nj/teterboro/9-teterboro-landing-dr,40.8606228,-74.06191179999999,New Jersey
3324,1101 Morris Ave,Union,NJ,07083,(908) 345-2886,nj/union/1101-morris-ave,40.682335378147144,-74.23425464980944,New Jersey
1893,700 Haddonfield Berlin Rd,Voorhees,NJ,08043,(856) 783-0380,nj/voorhees/700-haddonfield-berlin-rd,39.853147330801846,-74.98248938116949,New Jersey
2196,1620 US Highway 22,Watchung,NJ,07069,(908) 322-1574,nj/watchung/1620-us-highway-22,40.64281440178693,-74.41246157759805,New Jersey
747,70 Willowbrook Blvd,Wayne,NJ,07470,(973) 237-1390,nj/wayne/70-willowbrook-blvd,40.88871619527291,-74.25201344601533,New Jersey
1209,749 Bloomfield Ave,West Caldwell,NJ,07006,(973) 226-6421,nj/west-caldwell/749-bloomfield-ave,40.85022768357152,-74.29402782301634,New Jersey
2011,235 Prospect Ave,West Orange,NJ,07052,(973) 736-1873,nj/west-orange/235-prospect-ave,40.80523669999999,-74.2481487,New Jersey
1471,117 E Broad St,Westfield,NJ,07090,(908) 232-2709,nj/westfield/117-e-broad-st,40.65102192055685,-74.34931696007794,New Jersey
3131,318 US Highway 9 N,Woodbridge,NJ,07095,(732) 442-5281,nj/woodbridge/318-us-highway-9-n,40.534775251234834,-74.29558553067112,New Jersey
2857,3501 N Prince St,Clovis,NM,88101,(575) 935-0351,nm/clovis/3501-n-prince-st,34.43428474904138,-103.19581852299899,New Mexico
3091,4906 E Main St,Farmington,NM,87402,(505) 326-6401,nm/farmington/4906-e-main-st,36.76795107310428,-108.1477205278569,New Mexico
3178,525 S Telshor Blvd,Las Cruces,NM,88011,(575) 522-3096,nm/las-cruces/525-s-telshor-blvd,32.31482969972059,-106.7435663504136,New Mexico
3363,1001 S Saint Francis Dr,Santa Fe,NM,87505,(505) 303-4534,nm/santa-fe/1001-s-saint-francis-dr,35.67779648520238,-105.95314385052154,New Mexico
,110 Veeders Ml,Amsterdam,NY,12010,(518) 246-3013,ny/amsterdam/110-veeders-ml,42.96291436459377,-74.18698594702214,New York
,1 Plaza Dr,Auburn,NY,13021,(315) 975-4943,ny/auburn/1-plaza-dr,42.95650275083098,-76.54173460231621,New York
,4230 Veterans Memorial Dr,Batavia,NY,14020,(585) 300-4083,ny/batavia/4230-veterans-memorial-dr,43.0162573,-78.204008,New York
3051,1675 Sunrise Hwy,Bay Shore,NY,11706,(631) 666-0731,ny/bay-shore/1675-sunrise-hwy,40.73639661403278,-73.24759173243054,New York
2956,5181 Sunrise Hwy,Bohemia,NY,11716,(631) 567-1396,ny/bohemia/5181-sunrise-hwy,40.7648267,-73.0925717,New York
3803,282 Eastern Blvd,Canandaigua,NY,14424,(585) 412-2041,ny/canandaigua/282-eastern-blvd,42.8786551824051,-77.25691628296494,New York
979,135 Old Country Rd,Carle Place,NY,11514,(516) 877-7720,ny/carle-place/135-old-country-rd,40.74355703669997,-73.61803873897225,New York
2494,498 Red Apple Ct,Central Valley,NY,10917,(845) 928-1836,ny/central-valley/498-red-apple-ct,41.3169256,-74.1259455,New York
1479,1717 Walden Ave,Cheektowaga,NY,14225,(716) 242-0720,ny/cheektowaga/1717-walden-ave,42.90753759136164,-78.77423781043342,New York
3524,7944 Brewerton Rd,Cicero,NY,13039,(315) 505-8227,ny/cicero/7944-brewerton-rd,43.155051761774125,-76.12227558895495,New York
1386,22 Clifton Country Rd,Clifton Park,NY,12065,(518) 371-0362,ny/clifton-park/22-clifton-country-rd,42.85843910000001,-73.77854291165674,New York
3349,660 Commack Rd,Commack,NY,11725,(631) 499-2676,ny/commack/660-commack-rd,40.80724232048263,-73.29384585003027,New York
3622,3747 Junction Blvd,Corona,NY,11368,(718) 593-4731,ny/corona/3747-junction-blvd,40.75041739580541,-73.869819482206,New York
2089,12 Lawrence St,Dobbs Ferry,NY,10522,(914) 693-8135,ny/dobbs-ferry/12-lawrence-st,41.00201896810417,-73.8574606900662,New York
2825,2312 Hempstead Tpke,East Meadow,NY,11554,(516) 796-0460,ny/east-meadow/2312-hempstead-tpke,40.724522636600874,-73.5505444434707,New York
3323,4000 Jericho Tpke,East Northport,NY,11731,(631) 651-1820,ny/east-northport/4000-jericho-tpke,40.83947128246748,-73.31555572207048,New York
2967,620 Hempstead Tpke,Elmont,NY,11003,(516) 328-0240,ny/elmont/620-hempstead-tpke,40.70760999750186,-73.70235858889995,New York
,6720 Pittsford Palmyra Rd,Fairport,NY,14450,(585) 598-4075,ny/fairport/6720-pittsford-palmyra-rd,43.07098707356829,-77.44087694279023,New York
816,901 Broadhollow Rd,Farmingdale,NY,11735,(631) 845-4598,ny/farmingdale/901-broadhollow-rd,40.726673901834175,-73.42347402558052,New York
4044,406 Towne Dr,Fayetteville,NY,13066,(315) 400-6605,ny/fayetteville/406-towne-dr,43.02925,-76.01789,New York
2904,10 Westage Dr,Fishkill,NY,12524,(845) 897-2694,ny/fishkill/10-westage-dr,41.527470855511936,-73.8932193090191,New York
3742,13661 Roosevelt Ave,Flushing,NY,11354,(347) 732-1615,ny/flushing/13661-roosevelt-ave,40.760498,-73.82788,New York
1987,7030 Austin St,Forest Hills,NY,11375,(718) 709-4385,ny/forest-hills/7030-austin-st,40.72034292143083,-73.84593633148131,New York
1934,630 Old Country Rd,Garden City,NY,11530,(516) 539-3950,ny/garden-city/630-old-country-rd,40.738202,-73.613312,New York
3638,9 Moriah Rd,Glenmont,NY,12077,(838) 217-6990,ny/glenmont/9-moriah-rd,42.611958292735686,-73.78580102256296,New York
,231 Saratoga Rd,Glenville,NY,12302,(518) 631-2688,ny/glenville/231-saratoga-rd,42.86670508249016,-73.93324064227477,New York
1393,44 Great Neck Rd,Great Neck,NY,11021,(516) 467-0505,ny/great-neck/44-great-neck-rd,40.78546844053795,-73.72738571454715,New York
799,215 N Broadway,Hicksville,NY,11801,(516) 822-4074,ny/hicksville/215-n-broadway,40.77439972943342,-73.52764726725059,New York
3718,521A Main St,Highland Falls,NY,10928,(845) 977-0233,ny/highland-falls/521a-main-st,41.37635621046758,-73.96306243568881,New York
3044,16010 Crossbay Blvd,Howard Beach,NY,11414,(718) 738-1309,ny/howard-beach/16010-crossbay-blvd,40.65726177401885,-73.8397904834324,New York
1159,435 Walt Whitman Rd,Huntington Station,NY,11747,(631) 423-0127,ny/huntington-station/435-walt-whitman-rd,40.814771129154124,-73.41089419305467,New York
1661,740 S Meadow St,Ithaca,NY,14850,(607) 272-0437,ny/ithaca/740-s-meadow-st,42.43014786980975,-76.50822799657499,New York
2418,8710 Northern Blvd,Jackson Heights,NY,11372,(718) 424-8031,ny/jackson-heights/8710-northern-blvd,40.75587590469609,-73.87998629447748,New York
,621 Harry L Dr,Johnson City,NY,13790,(607) 201-0562,ny/johnson-city/621-harry-l-dr,42.12490660913323,-75.97445810370353,New York
2010,1217 Ulster Ave,Kingston,NY,12401,(845) 336-5036,ny/kingston/1217-ulster-ave,41.966480428853124,-73.99000456159422,New York
2539,2093 Smith Haven Plz,Lake Grove,NY,11755,(631) 265-2865,ny/lake-grove/2093-smith-haven-plz,40.87006243625729,-73.1283289659915,New York
3530,601 Portion Rd,Lake Ronkonkoma,NY,11779,(631) 615-8493,ny/lake-ronkonkoma/601-portion-rd,40.832120526640736,-73.08881301554361,New York
1155,2 Wade Road,Latham,NY,12110,(518) 783-0648,ny/latham/2-wade-road,42.7557139,-73.7759656,New York
2252,331 Rockaway Tpke,Lawrence,NY,11559,(516) 239-3952,ny/lawrence/331-rockaway-tpke,40.62738624380902,-73.73748044601534,New York
2581,3629 Hempstead Tpke,Levittown,NY,11756,(516) 731-0416,ny/levittown/3629-hempstead-tpke,40.726328288054184,-73.50109196625307,New York
3325,96 Sunrise Hwy,Lindenhurst,NY,11757,(631) 956-4286,ny/lindenhurst/96-sunrise-hwy,40.70168541779607,-73.37855889508914,New York
1904,3852 State Route 31,Liverpool,NY,13090,(315) 622-4973,ny/liverpool/3852-state-route-31,43.18380786783495,-76.24673992462294,New York
2760,26-16 Jackson Avenue,Long Island City,NY,11101,(718) 784-2706,ny/long-island-city/26-16-jackson-avenue,40.7472329329571,-73.94156671876117,New York
3587,805 Mamaroneck Ave,Mamaroneck,NY,10543,(914) 873-1348,ny/mamaroneck/805-mamaroneck-ave,40.95724250629299,-73.7377189481384,New York
,5901 Maurice Ave,Maspeth,NY,11378,(718) 578-4019,ny/maspeth/5901-maurice-ave,40.72628632765721,-73.90905587423909,New York
2310,1996 Merrick Rd,Merrick,NY,11566,(516) 868-4070,ny/merrick/1996-merrick-rd,40.65565400565715,-73.54968124811502,New York
2018,444 Rte 211 E,Middletown,NY,10940,(845) 344-4149,ny/middletown/444-rte-211-e,41.45335887539258,-74.38077875175402,New York
1573,528 Jericho Tpke,Mineola,NY,11501,(516) 294-0709,ny/mineola/528-jericho-tpke,40.74471293993189,-73.65613664568349,New York
3467,3144 E. Main Street,Mohegan Lake,NY,10547,(914) 528-3281,ny/mohegan-lake/3144-e-main-street,41.312710536128854,-73.86984350981233,New York
3317,195 N Bedford Rd,Mount Kisco,NY,10549,(914) 752-4725,ny/mount-kisco/195-n-bedford-rd,41.21507249290042,-73.72046425131225,New York
3387,79 Rockland Plaza,Nanuet,NY,10954,(845) 367-4080,ny/nanuet/79-rockland-plaza,41.0984153,-74.0159513,New York
2182,4815 Commercial Dr,New Hartford,NY,13413,(315) 736-2467,ny/new-hartford/4815-commercial-dr,43.09538775260282,-75.30588539321451,New York
1665,2335 New Hyde Park Rd,New Hyde Park,NY,11040,(516) 673-9630,ny/new-hyde-park/2335-new-hyde-park-rd,40.7580426,-73.6892544,New York
,77 Quaker Ridge Rd,New Rochelle,NY,10804,(914) 712-6049,ny/new-rochelle/77-quaker-ridge-rd,40.94889614209737,-73.78927739091485,New York
2273,1785 Military Rd,Niagara Falls,NY,14304,(716) 297-1745,ny/niagara-falls/1785-military-rd,43.096903154181085,-78.97385634043093,New York
2295,3161 Long Beach Rd,Oceanside,NY,11572,(516) 960-0035,ny/oceanside/3161-long-beach-rd,40.63451005716519,-73.6396922702408,New York
,2727 W State St,Olean,NY,14760,(716) 806-3401,ny/olean/2727-w-state-st,42.07665464103093,-78.46155942599377,New York
3188,367 N Service Rd,Patchogue,NY,11772,(631) 289-1937,ny/patchogue/367-n-service-rd,40.77872965242779,-73.03307648320549,New York
3064,798 Pelham Pkwy,Pelham,NY,10803,(914) 636-0617,ny/pelham/798-pelham-pkwy,40.893607,-73.821011,New York
1854,200 Consumer Square,Plattsburgh,NY,12901,(518) 310-3512,ny/plattsburgh/200-consumer-square,44.69441607721768,-73.48679101840787,New York
2978,1064 Route 112,Port Jefferson Station,NY,11776,(631) 331-1589,ny/port-jefferson-station/1064-route-112,40.91965453130565,-73.04186076475568,New York
2312,25465 Nassau Blvd,Queens,NY,11362,(718) 224-4220,ny/queens/25465-nassau-blvd,40.76527092620086,-73.7253672398291,New York
2968,820 State Route 9,Queensbury,NY,12804,(518) 761-6902,ny/queensbury/820-state-route-9,43.332172112688944,-73.67719924779544,New York
2834,6135 Junction Blvd,Rego Park,NY,11374,(718) 592-1476,ny/rego-park/6135-junction-blvd,40.733042794804255,-73.8636884134566,New York
3240,279 Troy Rd,Rensselaer,NY,12144,(518) 283-0174,ny/rensselaer/279-troy-rd,42.64008699998782,-73.70136750294529,New York
2568,1501 Old Country Rd,Riverhead,NY,11901,(631) 208-0061,ny/riverhead/1501-old-country-rd,40.925559425068506,-72.69211713032405,New York
1348,100 S Ridge St,Rye Brook,NY,10573,(914) 937-0351,ny/rye-brook/100-s-ridge-st,41.00357218075789,-73.68328068812713,New York
1278,3057 Route 50,Saratoga Springs,NY,12866,(518) 587-0478,ny/saratoga-springs/3057-route-50,43.10386429442525,-73.7412460149917,New York
3700,913 Central Park Ave,Scarsdale,NY,10583,(914) 574-2534,ny/scarsdale/913-central-park-ave,40.9928855,-73.822024,New York
1263,441 Balltown Rd,Schenectady,NY,12304,(518) 370-8607,ny/schenectady/441-balltown-rd,42.77327602008837,-73.89401911836565,New York
2337,261 Middle Country Rd,Selden,NY,11784,(631) 732-1459,ny/selden/261-middle-country-rd,40.868209,-73.02474,New York
3549,800 Montauk Hwy,Shirley,NY,11967,(631) 657-4098,ny/shirley/800-montauk-hwy,40.80005925729319,-72.86850690675918,New York
1840,420 Jericho Tpke,Syosset,NY,11791,(516) 762-8862,ny/syosset/420-jericho-tpke,40.809898,-73.500505,New York
1777,1759 Sheridan Dr,Tonawanda,NY,14223,(716) 874-1074,ny/tonawanda/1759-sheridan-dr,42.9801574736624,-78.86930143039132,New York
,15-55 Winslow Gate Rd,Town of Poughkeepsie,NY,12601,(845) 224-3468,ny/town-of-poughkeepsie/15-55-winslow-gate-rd,41.72812350311422,-73.93122427258301,New York
980,1166 Hempstead Tpke,Uniondale,NY,11553,(516) 483-1026,ny/uniondale/1166-hempstead-tpke,40.717965795182465,-73.59214381903172,New York
2301,2034 Green Acres Mall,Valley Stream,NY,11581,(516) 537-0001,ny/valley-stream/2034-green-acres-mall,40.6619021,-73.7204306,New York
1869,4698 Vestal Pkwy E,Vestal,NY,13850,(607) 797-2528,ny/vestal/4698-vestal-pkwy-e,42.09278823958712,-75.95278785108815,New York
2837,401 Commerce Dr,Victor,NY,14564,(585) 742-2192,ny/victor/401-commerce-dr,43.019407433626355,-77.43888023020855,New York
2836,1178 Wantagh Ave,Wantagh,NY,11793,(516) 679-6958,ny/wantagh/1178-wantagh-ave,40.69371662165791,-73.50894387894303,New York
1895,1290 Arsenal St,Watertown,NY,13601,(315) 786-2813,ny/watertown/1290-arsenal-st,43.97790185060178,-75.94605420325507,New York
2072,1000 Palisades Center Dr,West Nyack,NY,10994,(845) 512-7056,ny/west-nyack/1000-palisades-center-dr,41.09710601768637,-73.95602155515304,New York
,474 Old Country Rd,Westbury,NY,11590,(516) 699-0715,ny/westbury/474-old-country-rd,40.74939056117202,-73.57901093613538,New York
1658,5510 Xavier Dr,Yonkers,NY,10704,(914) 885-2900,ny/yonkers/5510-xavier-dr,40.92684809781982,-73.85366430153346,New York
2822,1081 Pine Plaza Dr,Apex,NC,27523,(919) 362-5435,nc/apex/1081-pine-plaza-dr,35.7464041184714,-78.82953795362326,North Carolina
2071,1787 Blowing Rock Rd,Boone,NC,28607,(828) 262-1134,nc/boone/1787-blowing-rock-rd,36.199270383549376,-81.65796861645052,North Carolina
3337,649 Huffman Mill Rd,Burlington,NC,27215,(336) 586-9928,nc/burlington/649-huffman-mill-rd,36.073438585468445,-79.49202245839508,North Carolina
3024,1385 N Main St,Fuquay Varina,NC,27526,(919) 567-0206,nc/fuquay-varina/1385-n-main-st,35.592712602331396,-78.77433026410347,North Carolina
2950,68 Eagle Wing Way,Garner,NC,27529,(919) 662-1439,nc/garner/68-eagle-wing-way,35.69730666617067,-78.58499433431768,North Carolina
2222,2501 E Franklin Blvd,Gastonia,NC,28056,(704) 215-4262,nc/gastonia/2501-e-franklin-blvd,35.26016448996326,-81.13311335276126,North Carolina
2793,501 N Berkeley Blvd,Goldsboro,NC,27534,(919) 751-7237,nc/goldsboro/501-n-berkeley-blvd,35.374981285150916,-77.94548915467101,North Carolina
2181,610 Greenville Blvd SE,Greenville,NC,27858,(252) 756-0353,nc/greenville/610-greenville-blvd-se,35.58431380050536,-77.37091632514858,North Carolina
,59 Highlands Square Dr,Hendersonville,NC,28792,(828) 233-5499,nc/hendersonville/59-highlands-square-dr,35.346158580573864,-82.43462081117056,North Carolina
2101,1770 US Highway 70 SE,Hickory,NC,28602,(828) 322-5868,nc/hickory/1770-us-highway-70-se,35.70735210850262,-81.3082488738753,North Carolina
,601 Village Walk Dr,Holly Springs,NC,27540,(919) 586-8560,nc/holly-springs/601-village-walk-dr,35.639922440034134,-78.83597869686649,North Carolina
2183,8830 Lindholm Dr,Huntersville,NC,28078,(704) 765-3613,nc/huntersville/8830-lindholm-dr,35.44364311557213,-80.87894993897226,North Carolina
,580 Kannapolis Parkway,Kannapolis,NC,28027,(704) 707-3374,nc/kannapolis/580-kannapolis-parkway,35.42271513556916,-80.67632698937636,North Carolina
2640,1020 S Main St,Kernersville,NC,27284,(336) 992-1779,nc/kernersville/1020-s-main-st,36.10839992702622,-80.0976962217029,North Carolina
4283,139 Blowing Rock Blvd,Lenoir,NC,28645,(828) 795-3033,nc/lenoir/139-blowing-rock-blvd,35.91576557561246,-81.52512537561222,North Carolina
1007,1909 Matthews Township Pkwy,Matthews,NC,28105,(704) 845-9406,nc/matthews/1909-matthews-township-pkwy,35.1246844,-80.7081613,North Carolina
3134,2335 W Roosevelt Blvd,Monroe,NC,28110,(704) 225-7711,nc/monroe/2335-w-roosevelt-blvd,35.009457828945756,-80.5639522850207,North Carolina
1956,643 River Hwy,Mooresville,NC,28117,(704) 664-0940,nc/mooresville/643-river-hwy,35.59541586043249,-80.87568099241446,North Carolina
1946,1516 Village Market Pl,Morrisville,NC,27560,(919) 238-3971,nc/morrisville/1516-village-market-pl,35.806992936536005,-78.81516061648904,North Carolina
2379,2999 Dr Martin Luther King Jr Blvd,New Bern,NC,28562,(252) 633-1762,nc/new-bern/2999-dr-martin-luther-king-jr-blvd,35.10292349511642,-77.08543288586179,North Carolina
2521,11025 Carolina Pl Pkwy,Pineville,NC,28134,(704) 540-6440,nc/pineville/11025-carolina-pl-pkwy,35.08232181140975,-80.87727849850535,North Carolina
,304 Premier Blvd,Roanoke Rapids,NC,27870,(252) 541-7833,nc/roanoke-rapids/304-premier-blvd,36.424651,-77.635508,North Carolina
,959 N Wesleyan Blvd,Rocky Mount,NC,27804,(252) 316-9797,nc/rocky-mount/959-n-wesleyan-blvd,35.96999214169724,-77.80911115261195,North Carolina
2979,1527 E Innes Street,Salisbury,NC,28144,(704) 636-0181,nc/salisbury/1527-e-innes-street,35.652376486711304,-80.45673105893019,North Carolina
2611,120 S Equity Dr,Smithfield,NC,27577,(919) 934-1002,nc/smithfield/120-s-equity-dr,35.50617259096997,-78.32165194677617,North Carolina
4279,10771 US 15-501 Hwy,Southern Pines,NC,28387,(910) 783-2450,nc/southern-pines/10771-us-15-501-hwy,35.1648963,-79.4214587,North Carolina
4141,210 Turnersburg Hwy,Statesville,NC,28625,(980) 434-0117,nc/statesville/210-turnersburg-hwy,35.81387009153153,-80.87588794266536,North Carolina
3212,11700 Retail Dr,Wake Forest,NC,27587,(919) 562-0004,nc/wake-forest/11700-retail-dr,35.967174,-78.54278,North Carolina
3693,2304 Forest Hills Rd W,Wilson,NC,27893,(252) 281-2068,nc/wilson/2304-forest-hills-rd-w,35.731623,-77.951545,North Carolina
2683,4100 Humber Rd,Winterville,NC,28590,(252) 353-0111,nc/winterville/4100-humber-rd,35.5514663,-77.4051276,North Carolina
1627,1630 W State St,Alliance,OH,44601,(330) 821-4311,oh/alliance/1630-w-state-st,40.90139782768853,-81.12899063678799,Ohio
1503,1227 W Ohio Pike,Amelia,OH,45102,(513) 752-3444,oh/amelia/1227-w-ohio-pike,39.04726795388714,-84.24681553465575,Ohio
1507,901 N Leavitt Rd,Amherst,OH,44001,(440) 989-4100,oh/amherst/901-n-leavitt-rd,41.416947,-82.208402,Ohio
3274,7630 Beechmont Ave,Anderson,OH,45255,(513) 231-0157,oh/anderson/7630-beechmont-ave,39.073672250199756,-84.34599129338096,Ohio
2791,1988 E Main St,Ashland,OH,44805,(419) 207-8445,oh/ashland/1988-e-main-st,40.86016611254899,-82.2710027148421,Ohio
3491,2911 N Ridge Rd E,Ashtabula,OH,44004,(440) 536-9235,oh/ashtabula/2911-n-ridge-rd-e,41.8774178,-80.7580316,Ohio
1053,41 S Court St,Athens,OH,45701,(740) 592-3656,oh/athens/41-s-court-st,39.327961458290474,-82.10158464901167,Ohio
3725,7020 Aurora Rd,Aurora,OH,44202,(330) 562-0452,oh/aurora/7020-aurora-rd,41.356810745506955,-81.3895198571922,Ohio
1365,35925 Detroit Rd,Avon,OH,44011,(440) 937-9200,oh/avon/35925-detroit-rd,41.45873858258883,-82.01835091519314,Ohio
3186,446 Robinson Ave,Barberton,OH,44203,(330) 745-0280,oh/barberton/446-robinson-ave,41.00986694795516,-81.58862256450439,Ohio
,2029 Hospital Dr,Batavia,OH,45103,(513) 643-3255,oh/batavia/2029-hospital-dr,39.0819493,-84.1485379,Ohio
3514,1551 S Main St,Bellefontaine,OH,43311,(937) 595-0076,oh/bellefontaine/1551-s-main-st,40.33731747961916,-83.76158200672556,Ohio
,399 W Bagley Rd,Berea,OH,44017,(440) 531-0013,oh/berea/399-w-bagley-rd,41.371331723079635,-81.867295803566,Ohio
55,2484 E Main St,Bexley,OH,43209,(614) 236-8733,oh/bexley/2484-e-main-st,39.95735181831246,-82.93242612522113,Ohio
672,11257 Reed Hartman Hwy,Blue Ash,OH,45241,(513) 469-1980,oh/blue-ash/11257-reed-hartman-hwy,39.271804952591246,-84.37629190398468,Ohio
968,525 Boardman Poland Rd,Boardman,OH,44512,(330) 758-1477,oh/boardman/525-boardman-poland-rd,41.02380728383718,-80.64350706579671,Ohio
878,1558 E Wooster St,Bowling Green,OH,43402,(419) 353-4534,oh/bowling-green/1558-e-wooster-st,41.373947,-83.624638,Ohio
2454,4416 Royalton Rd,Brecksville,OH,44141,(440) 526-4398,oh/brecksville/4416-royalton-rd,41.31406925682374,-81.65471998341502,Ohio
751,10325 Cascade Xing,Brooklyn,OH,44144,(216) 267-8360,oh/brooklyn/10325-cascade-xing,41.423121370758935,-81.75936568956661,Ohio
1457,3362 Center Rd,Brunswick,OH,44212,(330) 220-7278,oh/brunswick/3362-center-rd,41.23781288089128,-81.80684978048168,Ohio
3560,61690 Southgate Rd,Cambridge,OH,43725,(740) 421-4052,oh/cambridge/61690-southgate-rd,39.99466805444636,-81.57499465002562,Ohio
2912,4542 Boardman Canfield Rd,Canfield,OH,44406,(330) 702-1362,oh/canfield/4542-boardman-canfield-rd,41.0253331204477,-80.73582678547447,Ohio
1279,1290 N Bridge St,Chillicothe,OH,45601,(740) 773-4333,oh/chillicothe/1290-n-bridge-st,39.361619333640654,-82.97699047725223,Ohio
2913,1469 S Court St,Circleville,OH,43113,(740) 420-0031,oh/circleville/1469-s-court-st,39.58173999727327,-82.95230075623215,Ohio
,12401 Cedar Rd,Cleveland Heights,OH,44106,(216) 452-9680,oh/cleveland-heights/12401-cedar-rd,41.5012709726711,-81.59448445438757,Ohio
3272,7689 Crile Rd,Concord Township,OH,44077,(440) 354-4167,oh/concord-township/7689-crile-rd,41.662261271507454,-81.24063035609947,Ohio
3171,2160 Millennium Blvd,Cortland,OH,44410,(330) 372-1256,oh/cortland/2160-millennium-blvd,41.277437492784955,-80.77405819431455,Ohio
3786,1796 N Clinton St,Defiance,OH,43512,(419) 956-0483,oh/defiance/1796-n-clinton-st,41.304527557747754,-84.3613098162068,Ohio
1530,1710 Columbus Pike,Delaware,OH,43015,(740) 369-6360,oh/delaware/1710-columbus-pike,40.268137440960395,-83.07106174579053,Ohio
29,6776 Perimeter Loop Rd,Dublin,OH,43017,(614) 932-9342,oh/dublin/6776-perimeter-loop-rd,40.10400681714454,-83.15737893711986,Ohio
4538,16300 Dresden Ave,East Liverpool,OH,43920,(234) 895-4177,oh/east-liverpool/16300-dresden-ave,40.664255174187424,-80.58883697529664,Ohio
1192,1615 W River Rd N,Elyria,OH,44035,(440) 324-5723,oh/elyria/1615-w-river-rd-n,41.397003304214124,-82.1065341650297,Ohio
1824,9208 N Main St,Englewood,OH,45415,(937) 832-0227,oh/englewood/9208-n-main-st,39.85832562187781,-84.27767376791888,Ohio
,98 Etna Crest Blvd,Etna,OH,43062,(740) 739-4679,oh/etna/98-etna-crest-blvd,39.952187617752195,-82.6833402254465,Ohio
2567,22250 Lake Shore Blvd,Euclid,OH,44123,(216) 261-3567,oh/euclid/22250-lake-shore-blvd,41.60987443643479,-81.52594990530596,Ohio
4618,2012 Commerce Center Blvd,Fairborn,OH,45324,(937) 777-3095,oh/fairborn/2012-commerce-center-blvd,39.7856072,-83.9977224,Ohio
1351,5410 Dixie Hwy,Fairfield,OH,45014,(513) 939-3600,oh/fairfield/5410-dixie-hwy,39.335867500032016,-84.52681580087585,Ohio
1011,3335 Princeton Rd,Fairfield Township,OH,45011,(513) 737-3403,oh/fairfield-township/3335-princeton-rd,39.38999077942464,-84.50435199473372,Ohio
723,21029 Center Ridge Rd,Fairview Park,OH,44126,(440) 356-3109,oh/fairview-park/21029-center-ridge-rd,41.46136194470472,-81.85297185276124,Ohio
,851 Sean Dr,Fremont,OH,43420,(567) 201-4164,oh/fremont/851-sean-dr,41.377430418914486,-83.1177937,Ohio
1890,95 N Hamilton Rd,Gahanna,OH,43230,(614) 472-4080,oh/gahanna/95-n-hamilton-rd,40.019649148351775,-82.86678596288016,Ohio
810,9761 Vista Way,Garfield Heights,OH,44125,(216) 662-6402,oh/garfield-heights/9761-vista-way,41.40948795601889,-81.6163372902547,Ohio
34,1298 W 5th Ave,Grandview Heights,OH,43212,(614) 481-0105,oh/grandview-heights/1298-w-5th-ave,39.98891989556609,-83.04120536626976,Ohio
,1437 Wagner Ave,Greenville,OH,45331,(937) 569-4010,oh/greenville/1437-wagner-ave,40.12378002819725,-84.61871179203439,Ohio
3754,3870 S Hamilton Rd,Groveport,OH,43125,(614) 610-4631,oh/groveport/3870-s-hamilton-rd,39.8956498,-82.8817851,Ohio
1396,589 Ring Rd,Harrison,OH,45030,(513) 202-1420,oh/harrison/589-ring-rd,39.260545193373694,-84.79318546990584,Ohio
385,515 Hebron Rd,Heath,OH,43056,(740) 522-6004,oh/heath/515-hebron-rd,40.03836011665525,-82.42993193130019,Ohio
2527,6267 Wilson Mills Rd,Highland Heights,OH,44143,(440) 720-0501,oh/highland-heights/6267-wilson-mills-rd,41.53934911231544,-81.45343864023582,Ohio
1068,6658 Airport Hwy,Holland,OH,43528,(419) 867-1875,oh/holland/6658-airport-hwy,41.61259707812477,-83.70146681345926,Ohio
1171,7767 Old Troy Pike,Huber Heights,OH,45424,(937) 242-6900,oh/huber-heights/7767-old-troy-pike,39.86561410227923,-84.13858918077085,Ohio
1216,5 Atterbury Blvd,Hudson,OH,44236,(330) 342-0669,oh/hudson/5-atterbury-blvd,41.240254059801266,-81.44536298725166,Ohio
80,6901 Rockside Rd,Independence,OH,44131,(216) 986-0551,oh/independence/6901-rockside-rd,41.39634422210871,-81.64185169097343,Ohio
1254,12478 Old U.S. 35,Jeffersonville,OH,43128,(740) 948-2151,oh/jeffersonville/12478-old-us-35,39.61825953799906,-83.60394555828384,Ohio
1366,4329 Far Hills Ave,Kettering,OH,45429,(937) 643-9355,oh/kettering/4329-far-hills-ave,39.684756111272876,-84.16820119845806,Ohio
152,14881 Detroit Ave,Lakewood,OH,44107,(216) 221-9100,oh/lakewood/14881-detroit-ave,41.484769135560626,-81.80115792295692,Ohio
,1205 Columbus Ave,Lebanon,OH,45036,(513) 812-5005,oh/lebanon/1205-columbus-ave,39.4526044,-84.18136109999999,Ohio
2674,6876 Cincinnati Dayton Rd,Liberty Township,OH,45044,(513) 755-1630,oh/liberty-township/6876-cincinnati-dayton-rd,39.37778986604588,-84.37763785977631,Ohio
1638,3292 Elida Rd,Lima,OH,45805,(419) 221-3825,oh/lima/3292-elida-rd,40.770758645477876,-84.16445974388313,Ohio
3098,10567 Loveland Madeira Rd,Loveland,OH,45140,(513) 683-0255,oh/loveland/10567-loveland-madeira-rd,39.25133187201634,-84.29726683559932,Ohio
3073,24651 Cedar Rd,Lyndhurst,OH,44124,(216) 291-9586,oh/lyndhurst/24651-cedar-rd,41.50374758618268,-81.50227433729424,Ohio
2207,2470 Possum Run Rd,Mansfield,OH,44903,(419) 775-0072,oh/mansfield/2470-possum-run-rd,40.6914204179409,-82.51252737440416,Ohio
,5501 Warrensville Center Rd,Maple Heights,OH,44137,(216) 888-1037,oh/maple-heights/5501-warrensville-center-rd,41.41236897685673,-81.53673478711987,Ohio
1422,135 Edgefield Blvd,Marion,OH,43302,(740) 389-3052,oh/marion/135-edgefield-blvd,40.58084382997238,-83.08307799998653,Ohio
1618,1089 Delaware Ave,Marysville,OH,43040,(937) 645-0108,oh/marysville/1089-delaware-ave,40.23671974654282,-83.3501015435686,Ohio
900,1385 Conant St,Maumee,OH,43537,(419) 482-9027,oh/maumee/1385-conant-st,41.578814794151484,-83.66411325869103,Ohio
121,6717 Eastgate Dr,Mayfield Heights,OH,44124,(440) 442-0620,oh/mayfield-heights/6717-eastgate-dr,41.52506782243533,-81.43712162192313,Ohio
2401,10671 Innovation Dr,Miamisburg,OH,45342,(937) 847-2523,oh/miamisburg/10671-innovation-dr,39.59704700727732,-84.23141711560882,Ohio
3439,3479 Towne Blvd,Middletown,OH,45005,(513) 392-4236,oh/middletown/3479-towne-blvd,39.4966412,-84.328862,Ohio
577,5697 Romar Dr,Milford,OH,45150,(513) 965-8666,oh/milford/5697-romar-dr,39.18739627660469,-84.2600505820987,Ohio
1667,175 Senate Dr,Monroe,OH,45050,(513) 539-9544,oh/monroe/175-senate-dr,39.440073,-84.330662,Ohio
,1925 W Dorothy Ln,Moraine,OH,45439,(937) 518-4399,oh/moraine/1925-w-dorothy-ln,39.71003665080898,-84.20602976375135,Ohio
1728,857 Coshocton Ave,Mount Vernon,OH,43050,(740) 392-6030,oh/mount-vernon/857-coshocton-ave,40.39967717045936,-82.45933414131525,Ohio
1609,5375 New Albany Rd W,New Albany,OH,43054,(614) 933-4001,oh/new-albany/5375-new-albany-rd-w,40.093563669970756,-82.82354619230091,Ohio
3061,135 Bluebell Dr SW,New Philadelphia,OH,44663,(330) 308-9375,oh/new-philadelphia/135-bluebell-dr-sw,40.492338138331164,-81.47214409751233,Ohio
1397,1292 N 21st St,Newark,OH,43055,(740) 366-0601,oh/newark/1292-n-21st-st,40.08348414782301,-82.42720695613423,Ohio
1513,1472 N Main St,North Canton,OH,44720,(330) 266-4320,oh/north-canton/1472-n-main-st,40.89243975109532,-81.4048674726971,Ohio
355,26420 Great Northern Shop Ctr,North Olmsted,OH,44070,(440) 686-0476,oh/north-olmsted/26420-great-northern-shop-ctr,41.41819243947349,-81.91635322432239,Ohio
,5702 Royalton Rd,North Royalton,OH,44133,(659) 272-0317,oh/north-royalton/5702-royalton-rd,41.31403921190379,-81.72585095031451,Ohio
559,8195 Golden Link Blvd,Northfield,OH,44067,(330) 342-0465,oh/northfield/8195-golden-link-blvd,41.31252397067924,-81.52305134110452,Ohio
4104,4169 S Cleveland Massillon Rd,Norton,OH,44203,(234) 266-3296,oh/norton/4169-s-cleveland-massillon-rd,41.02501567043075,-81.63792795776138,Ohio
,346 Milan Ave,Norwalk,OH,44857,(419) 750-5103,oh/norwalk/346-milan-ave,41.268405169823666,-82.60925796134615,Ohio
1242,4402 Montgomery Rd,Norwood,OH,45212,(513) 351-0100,oh/norwood/4402-montgomery-rd,39.15720908282168,-84.45757126625892,Ohio
3201,5051 Groveport Rd,Obetz,OH,43207,(614) 409-9603,oh/obetz/5051-groveport-rd,39.86803542881167,-82.93657443725235,Ohio
489,764 N Lexington Springmill Rd,Ontario,OH,44906,(419) 747-2186,oh/ontario/764-n-lexington-springmill-rd,40.77318864075714,-82.58981116820257,Ohio
3350,2924 Navarre Ave,Oregon,OH,43616,(419) 691-3245,oh/oregon/2924-navarre-ave,41.636379060663394,-83.47843330976245,Ohio
1311,1 W High St,Oxford,OH,45056,(513) 523-6563,oh/oxford/1-w-high-st,39.510311332140915,-84.74267471826579,Ohio
3500,7 W Jackson St,Painesville,OH,44077,(440) 210-9810,oh/painesville/7-w-jackson-st,41.72504233659372,-81.24833418973324,Ohio
1811,10711 Fremont Pike,Perrysburg,OH,43551,(419) 872-2412,oh/perrysburg/10711-fremont-pike,41.54849501470168,-83.60068010185239,Ohio
3196,1291 Hill Rd N,Pickerington,OH,43147,(614) 367-1658,oh/pickerington/1291-hill-rd-n,39.91563564693933,-82.78099230079691,Ohio
3441,787 E Main St,Ravenna,OH,44266,(330) 577-5719,oh/ravenna/787-e-main-st,41.1577148,-81.2282334,Ohio
2383,68041 Mall Ring Rd,Saint Clairsville,OH,43950,(740) 695-9264,oh/saint-clairsville/68041-mall-ring-rd,40.07177963424679,-80.86669969949503,Ohio
3565,2203 E State St,Salem,OH,44460,(234) 564-4227,oh/salem/2203-e-state-st,40.900658,-80.829802,Ohio
1547,4318 Milan Rd,Sandusky,OH,44870,(419) 621-1831,oh/sandusky/4318-milan-rd,41.41643500925327,-82.67162237607477,Ohio
,3530 Warrensville Center Rd,Shaker Heights,OH,44122,(216) 716-1114,oh/shaker-heights/3530-warrensville-center-rd,41.4634329,-81.5363594,Ohio
1399,11974 Lebanon Rd,Sharonville,OH,45241,(513) 786-6565,oh/sharonville/11974-lebanon-rd,39.29261884854756,-84.39264368148037,Ohio
3566,5252 Detroit Rd,Sheffield Village,OH,44035,(440) 934-0659,oh/sheffield-village/5252-detroit-rd,41.424505419888,-82.07805649006484,Ohio
2777,1975 Michigan St,Sidney,OH,45365,(937) 497-0057,oh/sidney/1975-michigan-st,40.287138818045094,-84.18447408159733,Ohio
369,33599 Aurora Rd,Solon,OH,44139,(440) 542-0017,oh/solon/33599-aurora-rd,41.38534240693887,-81.4405102828207,Ohio
1762,13937 Cedar Rd,South Euclid,OH,44118,(216) 472-2674,oh/south-euclid/13937-cedar-rd,41.50172435687119,-81.53837531916349,Ohio
3878,674 Corwin Nixon Blvd,South Lebanon,OH,45065,(513) 268-0018,oh/south-lebanon/674-corwin-nixon-blvd,39.37848968611906,-84.22207421262638,Ohio
1280,5 Greenwood Ln,Springboro,OH,45066,(937) 746-1793,oh/springboro/5-greenwood-ln,39.563259839568595,-84.2652679926424,Ohio
2585,11700 Princeton Pike,Springdale,OH,45246,(513) 671-7400,oh/springdale/11700-princeton-pike,39.28973185693214,-84.46610925706044,Ohio
1152,4338 Kent Rd,Stow,OH,44224,(330) 686-4945,oh/stow/4338-kent-rd,41.15619368209565,-81.40618205759517,Ohio
1115,9754 State Route 14,Streetsboro,OH,44241,(330) 626-3549,oh/streetsboro/9754-state-route-14,41.25095567800796,-81.3634359484621,Ohio
3380,7162 Longhorn Dr,Sunbury,OH,43074,(740) 524-9042,oh/sunbury/7162-longhorn-dr,40.26743883938361,-82.93439119737137,Ohio
2927,596 W Market St,Tiffin,OH,44883,(419) 448-1477,oh/tiffin/596-w-market-st,41.11261179246686,-83.20156319574542,Ohio
1400,1934 W Main St,Troy,OH,45373,(937) 339-7403,oh/troy/1934-w-main-st,40.05645189725195,-84.24326293630344,Ohio
2027,2640 Creekside Dr,Twinsburg,OH,44087,(330) 405-0772,oh/twinsburg/2640-creekside-dr,41.30805610032686,-81.43899367236378,Ohio
3444,1840 Franks Pkwy,Uniontown,OH,44685,(330) 899-9793,oh/uniontown/1840-franks-pkwy,40.95831146851004,-81.4629041924311,Ohio
3915,275 E National Rd,Vandalia,OH,45377,(937) 410-4673,oh/vandalia/275-e-national-rd,39.89142208434471,-84.1948144398435,Ohio
1423,990 High St,Wadsworth,OH,44281,(330) 334-5812,oh/wadsworth/990-high-st,41.04965444211114,-81.7296688693412,Ohio
868,1922 Niles Cortland Rd SE,Warren,OH,44484,(330) 544-9256,oh/warren/1922-niles-cortland-rd-se,41.21758294039533,-80.74133343242283,Ohio
735,4015 Richmond Rd,Warrensville Heights,OH,44122,(216) 378-1967,oh/warrensville-heights/4015-richmond-rd,41.448181537229296,-81.49584952316127,Ohio
331,1051 Miamisburg Centerville Rd,Washington Township,OH,45459,(937) 432-6950,oh/washington-township/1051-miamisburg-centerville-rd,39.628838633163795,-84.18922023444134,Ohio
3310,29990 Detroit Rd,Westlake,OH,44145,(440) 250-8701,oh/westlake/29990-detroit-rd,41.4645802502389,-81.95175576954306,Ohio
1553,3822 E Broad St,Whitehall,OH,43213,(614) 600-3001,oh/whitehall/3822-e-broad-st,39.974297785683696,-82.89866166848324,Ohio
765,36200 Euclid Ave,Willoughby,OH,44094,(440) 942-5897,oh/willoughby/36200-euclid-ave,41.62677831466298,-81.42960369300087,Ohio
,30482 Lakeshore Blvd,Willowick,OH,44095,(440) 373-1157,oh/willowick/30482-lakeshore-blvd,41.6407685,-81.4746839,Ohio
,2816 Rombach Avenue,Wilmington,OH,45177,(937) 571-0059,oh/wilmington/2816-rombach-avenue,39.45399961373876,-83.78092930284807,Ohio
2561,28077 Chagrin Blvd,Woodmere,OH,44122,(216) 591-9102,oh/woodmere/28077-chagrin-blvd,41.46274633,-81.4806345,Ohio
1127,4124 Burbank Rd,Wooster,OH,44691,(330) 345-1193,oh/wooster/4124-burbank-rd,40.84964833532757,-81.94712358159734,Ohio
1695,1620 W Park Square,Xenia,OH,45385,(937) 372-2943,oh/xenia/1620-w-park-square,39.68966548000371,-83.9620404260748,Ohio
1052,1569 S Broadway,Edmond,OK,73013,(405) 341-6765,ok/edmond/1569-s-broadway,35.63763055041129,-97.48439377382482,Oklahoma
2874,705 SW 19th St,Moore,OK,73160,(405) 790-0531,ok/moore/705-sw-19th-st,35.32024284075325,-97.49984703874901,Oklahoma
4205,11320 E 96th Street N,Owasso,OK,74055,(539) 208-1078,ok/owasso/11320-e-96th-street-n,36.2926725,-95.8466564,Oklahoma
1161,415 E Hall Of Fame Ave,Stillwater,OK,74075,(405) 372-1642,ok/stillwater/415-e-hall-of-fame-ave,36.12647174674807,-97.0533524171793,Oklahoma
,1961 SE 14th Ave.,Albany,OR,97322,(541) 497-8491,or/albany/1961-se-14th-ave,44.62878636310124,-123.08298289311271,Oregon
1898,2065 NE Burnside Rd,Gresham,OR,97030,(503) 766-6687,or/gresham/2065-ne-burnside-rd,45.49972899004597,-122.4110089312419,Oregon
2366,6198 Ulali Dr NE,Keizer,OR,97303,(503) 390-1005,or/keizer/6198-ulali-dr-ne,45.009895553396,-122.99643727324178,Oregon
1645,8 Centerpointe Dr,Lake Oswego,OR,97035,(971) 250-4194,or/lake-oswego/8-centerpointe-dr,45.42044618036773,-122.73920274099817,Oregon
,2590 S. Santiam Hwy.,Lebanon,OR,97355,(971) 332-9467,or/lebanon/2590-s-santiam-hwy,44.52121109512147,-122.90528304662705,Oregon
3420,2696 NE Highway 99W,McMinnville,OR,97128,(503) 376-8628,or/mcminnville/2696-ne-highway-99w,45.22896640514115,-123.17181115182788,Oregon
,3105 E Portland Rd,Newberg,OR,97132,(503) 476-9009,or/newberg/3105-e-portland-rd,45.30660555530036,-122.94742197668647,Oregon
,1657 E Idaho Ave,Ontario,OR,97914,(541) 216-7283,or/ontario/1657-e-idaho-ave,44.02514759979084,-116.9415714466274,Oregon
4373,2060 NW Stewart Pkwy,Roseburg,OR,97471,(458) 802-4677,or/roseburg/2060-nw-stewart-pkwy,43.23291331298663,-123.37275875082405,Oregon
2333,21332 SW Langer Farms Pkwy,Sherwood,OR,97140,(503) 925-1070,or/sherwood/21332-sw-langer-farms-pkwy,45.36625590709738,-122.83590388720188,Oregon
2868,2860 Gateway St,Springfield,OR,97477,(541) 746-0848,or/springfield/2860-gateway-st,44.07341037973775,-123.04315935541962,Oregon
,16200 SW Pacific Hwy,Tigard,OR,97224,(971) 405-6117,or/tigard/16200-sw-pacific-hwy,45.40365799032189,-122.79657808951163,Oregon
1015,7003 SW Nyberg St,Tualatin,OR,97062,(503) 692-5709,or/tualatin/7003-sw-nyberg-st,45.38301188555018,-122.74820033098564,Oregon
,103A US-101,Warrenton,OR,97146,(971) 606-5593,or/warrenton/103a-us-101,46.16226171222526,-123.89803248094472,Oregon
2423,29991 SW Town Center Loop W,Wilsonville,OR,97070,(503) 570-2676,or/wilsonville/29991-sw-town-center-loop-w,45.30318867862102,-122.76622863090233,Oregon
,920 NE Wood Village Blvd,Wood Village,OR,97060,(971) 406-2329,or/wood-village/920-ne-wood-village-blvd,45.5287337,-122.4282196,Oregon
2869,105 Arney Rd,Woodburn,OR,97071,(503) 902-0874,or/woodburn/105-arney-rd,45.152216765109905,-122.88457203788573,Oregon
2231,1437 Old York Rd,Abington,PA,19001,(215) 885-1201,pa/abington/1437-old-york-rd,40.12332624766206,-75.11571011833269,Pennsylvania
3343,4960 William Flynn Hwy,Allison Park,PA,15101,(724) 935-5792,pa/allison-park/4960-william-flynn-hwy,40.60174051534139,-79.94666627287695,Pennsylvania
1629,1600 Osgood Dr,Altoona,PA,16602,(814) 944-3125,pa/altoona/1600-osgood-dr,40.48861928632003,-78.38671497084738,Pennsylvania
1125,133 W Lancaster Ave,Ardmore,PA,19003,(610) 649-3061,pa/ardmore/133-w-lancaster-ave,40.00982124119933,-75.29374336739698,Pennsylvania
,717 S Trooper Rd,Audubon,PA,19403,(484) 370-7544,pa/audubon/717-s-trooper-rd,40.126571791870695,-75.40664525939587,Pennsylvania
3398,2307 Street Rd,Bensalem,PA,19020,(267) 523-2915,pa/bensalem/2307-street-rd,40.103143104081376,-74.94937213189449,Pennsylvania
3165,950 Dekalb Pike,Blue Bell,PA,19422,(610) 270-9509,pa/blue-bell/950-dekalb-pike,40.16587639999999,-75.290719,Pennsylvania
2347,3009 Washington Pike,Bridgeville,PA,15017,(412) 221-6515,pa/bridgeville/3009-washington-pike,40.3541382,-80.1142587,Pennsylvania
,200 Benevan Square,Butler,PA,16001,(724) 256-4847,pa/butler/200-benevan-square,40.87634,-79.94616,Pennsylvania
1884,3840 Washington Rd,Canonsburg,PA,15317,(724) 260-8869,pa/canonsburg/3840-washington-rd,40.27406324468554,-80.12723758589652,Pennsylvania
2522,40 Noble Blvd,Carlisle,PA,17013,(717) 240-0812,pa/carlisle/40-noble-blvd,40.18990134413791,-77.19253955428309,Pennsylvania
1939,975 Norland Ave,Chambersburg,PA,17201,(717) 262-2287,pa/chambersburg/975-norland-ave,39.94075531060215,-77.62861013252353,Pennsylvania
,927 Brodhead Rd,Coraopolis,PA,15108,(412) 329-4580,pa/coraopolis/927-brodhead-rd,40.517272882872795,-80.2223737171793,Pennsylvania
2234,1245 Commerce Blvd,Dickson City,PA,18519,(570) 483-3701,pa/dickson-city/1245-commerce-blvd,41.465407845256195,-75.6374655846513,Pennsylvania
2300,569 N Main St,Doylestown,PA,18901,(215) 348-8695,pa/doylestown/569-n-main-st,40.323448393508436,-75.13016015583707,Pennsylvania
2571,1673 Limekiln Pike,Dresher,PA,19025,(215) 643-6893,pa/dresher/1673-limekiln-pike,40.1435789369209,-75.16878450061165,Pennsylvania
2126,5986 Centre Ave,East Liberty,PA,15206,(412) 345-5144,pa/east-liberty/5986-centre-ave,40.459362333162545,-79.92588504874192,Pennsylvania
3691,823 E Main St,Ephrata,PA,17522,(717) 466-5668,pa/ephrata/823-e-main-st,40.165305231535555,-76.15995356153039,Pennsylvania
1550,241 N Pottstown Pike,Exton,PA,19341,(610) 903-4735,pa/exton/241-n-pottstown-pike,40.03266904719225,-75.63036173834325,Pennsylvania
4138,120 E Street Rd,Feasterville Trevose,PA,19053,(267) 699-7401,pa/feasterville-trevose/120-e-street-rd,40.148960026401845,-74.99877954799955,Pennsylvania
2496,1751 Wilmington Pike,Glen Mills,PA,19342,(610) 459-1095,pa/glen-mills/1751-wilmington-pike,39.87528823576244,-75.54410742114658,Pennsylvania
2193,32 Wilson Ave,Hanover,PA,17331,(717) 630-9385,pa/hanover/32-wilson-ave,39.829236520735854,-76.99810837270184,Pennsylvania
1862,116 W Township Line Rd,Havertown,PA,19083,(610) 853-8260,pa/havertown/116-w-township-line-rd,39.96699380225053,-75.30136018850081,Pennsylvania
,543 Susquehanna Blvd,Hazle Township,PA,18202,(272) 223-6000,pa/hazle-township/543-susquehanna-blvd,40.98080942397477,-76.0155368851799,Pennsylvania
1774,125 N Hermitage Rd,Hermitage,PA,16148,(724) 308-3026,pa/hermitage/125-n-hermitage-rd,41.234796129475946,-80.45029385724706,Pennsylvania
2103,210 W Chocolate Ave,Hershey,PA,17033,(717) 533-2980,pa/hershey/210-w-chocolate-ave,40.28370487623282,-76.65460505318129,Pennsylvania
4388,2603 Macdade Blvd,Holmes,PA,19043,(267) 996-9793,pa/holmes/2603-macdade-blvd,39.899882669197254,-75.30512041165676,Pennsylvania
,650 E Waterfront Dr,Homestead,PA,15120,(412) 685-2107,pa/homestead/650-e-waterfront-dr,40.41345620000001,-79.9044459,Pennsylvania
,1198 Mae Street,Hummelstown,PA,17036,(717) 312-3599,pa/hummelstown/1198-mae-street,40.2699123,-76.68763440000001,Pennsylvania
,2090 County Line Rd,Huntingdon Valley,PA,19006,(267) 778-3561,pa/huntingdon-valley/2090-county-line-rd,40.17022750742434,-75.071513072999,Pennsylvania
2499,1781 Oakland Ave,Indiana,PA,15701,(724) 349-6760,pa/indiana/1781-oakland-ave,40.61310832538394,-79.17449146374804,Pennsylvania
,1431 Scalp Avenue,Johnstown,PA,15904,(582) 855-3004,pa/johnstown/1431-scalp-avenue,40.27176679999999,-78.8576551,Pennsylvania
3370,2370 E Lincoln Hwy,Langhorne,PA,19047,(267) 564-2185,pa/langhorne/2370-e-lincoln-hwy,40.180207,-74.8754518,Pennsylvania
2902,1451 Quentin Rd,Lebanon,PA,17042,(717) 272-2131,pa/lebanon/1451-quentin-rd,40.31789827453161,-76.42434047181035,Pennsylvania
2498,7431 Westbranch Hwy,Lewisburg,PA,17837,(570) 522-0315,pa/lewisburg/7431-westbranch-hwy,40.981199787566965,-76.88461891165677,Pennsylvania
3106,50 National Ave,Malvern,PA,19355,(610) 647-1245,pa/malvern/50-national-ave,40.0494754584945,-75.51796898828825,Pennsylvania
2226,6455 Carlisle Pike,Mechanicsburg,PA,17050,(717) 790-9284,pa/mechanicsburg/6455-carlisle-pike,40.246018229009216,-77.01442406826686,Pennsylvania
3090,1075 W Baltimore Pike,Media,PA,19063,(610) 566-2062,pa/media/1075-w-baltimore-pike,39.91446337705265,-75.43287650346122,Pennsylvania
,89 Wagner Road,Monaca,PA,15061,(724) 997-3452,pa/monaca/89-wagner-road,40.6806123,-80.3104153,Pennsylvania
2127,4137 William Penn Hwy,Monroeville,PA,15146,(412) 843-0028,pa/monroeville/4137-william-penn-hwy,40.439168231382524,-79.7669307975359,Pennsylvania
,5 Radcliffe Dr,Moosic,PA,18507,(272) 249-2013,pa/moosic/5-radcliffe-dr,41.36279194657311,-75.68042532449562,Pennsylvania
3414,4899 William Penn Hwy,Murrysville,PA,15668,(724) 519-2022,pa/murrysville/4899-william-penn-hwy,40.421806,-79.661538,Pennsylvania
3221,2940 S Eagle Rd,Newtown,PA,18940,(267) 352-3525,pa/newtown/2940-s-eagle-rd,40.2356278,-74.9418481,Pennsylvania
2757,3741 W Chester Pike,Newtown Square,PA,19073,(610) 353-1715,pa/newtown-square/3741-w-chester-pike,39.987064179669126,-75.40539706291963,Pennsylvania
1060,30 Airport Square,North Wales,PA,19454,(215) 368-8740,pa/north-wales/30-airport-square,40.24067086500817,-75.24190635096545,Pennsylvania
4380,550 W Germantown Pike,Plymouth Meeting,PA,19462,(484) 535-5615,pa/plymouth-meeting/550-w-germantown-pike,40.116254914638645,-75.28284286774682,Pennsylvania
,200 Shoemaker Rd,Pottstown,PA,19464,(484) 363-5660,pa/pottstown/200-shoemaker-rd,40.254840976022635,-75.65976647055226,Pennsylvania
,79 N West End Blvd,Quakertown,PA,18951,(267) 733-6455,pa/quakertown/79-n-west-end-blvd,40.4458723,-75.35925999999999,Pennsylvania
1546,2733 Papermill Rd,Reading,PA,19610,(484) 772-1022,pa/reading/2733-papermill-rd,40.35730324034379,-75.98349079000121,Pennsylvania
,70 Buckwalter Rd,Royersford,PA,19468,(484) 931-1835,pa/royersford/70-buckwalter-rd,40.19814257839275,-75.52328172939436,Pennsylvania
2972,2192 N Susquehanna Trl,Selinsgrove,PA,17870,(570) 743-7038,pa/selinsgrove/2192-n-susquehanna-trl,40.83737144258217,-76.83216301892759,Pennsylvania
2404,98 Sofia Dr,Shrewsbury,PA,17361,(717) 235-2849,pa/shrewsbury/98-sofia-dr,39.76977917118235,-76.67238315137729,Pennsylvania
,715A Route 113,Souderton,PA,18964,(215) 660-3024,pa/souderton/715a-route-113,40.3154117,-75.309995,Pennsylvania
4062,1135 Northern Blvd,South Abington Township,PA,18411,(272) 214-4420,pa/south-abington-township/1135-northern-blvd,41.48723546836507,-75.69563228697055,Pennsylvania
,1003 Village Center Dr,Tarentum,PA,15084,(724) 558-8732,pa/tarentum/1003-village-center-dr,40.569533201186296,-79.80240257440575,Pennsylvania
3614,4300 5th Street Hwy,Temple,PA,19560,(484) 334-8107,pa/temple/4300-5th-street-hwy,40.39719,-75.92896,Pennsylvania
1514,3580 Horizon Blvd,Trevose,PA,19053,(215) 494-3245,pa/trevose/3580-horizon-blvd,40.13734581492397,-74.96461189508915,Pennsylvania
,65 Matthew Dr,Uniontown,PA,15401,(724) 550-2225,pa/uniontown/65-matthew-dr,39.90585512751728,-79.75343081097564,Pennsylvania
3670,109 S 69th St,Upper Darby,PA,19082,(610) 624-1154,pa/upper-darby/109-s-69th-st,39.95862471393103,-75.25770637532672,Pennsylvania
2886,25 W Street Rd,Warminster,PA,18974,(215) 441-4945,pa/warminster/25-w-street-rd,40.19741688764264,-75.08258275709512,Pennsylvania
,385 Easton Rd,Warrington,PA,18976,(215) 792-6729,pa/warrington/385-easton-rd,40.223665,-75.139312,Pennsylvania
3153,187 Old Mill Blvd,Washington,PA,15301,(724) 225-8389,pa/washington/187-old-mill-blvd,40.18952723928308,-80.21865514342073,Pennsylvania
1198,101 Turner Ln,West Chester,PA,19380,(610) 344-7042,pa/west-chester/101-turner-ln,39.96929533850414,-75.58764102853888,Pennsylvania
2148,11359 Perry Hwy,Wexford,PA,15090,(724) 935-0101,pa/wexford/11359-perry-hwy,40.6229988932946,-80.05430905889546,Pennsylvania
1794,837 Lehigh Lifestyle Ctr,Whitehall,PA,18052,(610) 465-9526,pa/whitehall/837-lehigh-lifestyle-ctr,40.63000601956755,-75.48027081388958,Pennsylvania
2433,280 Mundy St,Wilkes Barre,PA,18702,(570) 829-2694,pa/wilkes-barre/280-mundy-st,41.2435024,-75.8428947,Pennsylvania
,1955 E 3rd St,Williamsport,PA,17701,(272) 236-3195,pa/williamsport/1955-e-3rd-st,41.2482872061415,-76.96016234677616,Pennsylvania
1201,2618 W Moreland Rd,Willow Grove,PA,19090,(215) 659-8108,pa/willow-grove/2618-w-moreland-rd,40.143586024512665,-75.1217490171793,Pennsylvania
3111,2401 W Cheltenham Ave,Wyncote,PA,19095,(215) 884-2695,pa/wyncote/2401-w-cheltenham-ave,40.0735837087947,-75.15489360408736,Pennsylvania
1371,87 Hillside Rd,Cranston,RI,02920,(401) 275-0212,ri/cranston/87-hillside-rd,41.761794430029184,-71.45892939601538,Rhode Island
3348,1200 Quaker Ln,East Greenwich,RI,02818,(401) 234-0086,ri/east-greenwich/1200-quaker-ln,41.663304543707795,-71.49459116129339,Rhode Island
,473 Putnam Pike,Greenville,RI,02828,(401) 404-5521,ri/greenville/473-putnam-pike,41.87085590206633,-71.53248601675143,Rhode Island
2558,1386 Atwood Ave,Johnston,RI,02919,(401) 943-1273,ri/johnston/1386-atwood-ave,41.81454904551709,-71.49643589650555,Rhode Island
3268,622 George Washington Hwy,Lincoln,RI,02865,(401) 333-3531,ri/lincoln/622-george-washington-hwy,41.938528235805805,-71.47753658545706,Rhode Island
2296,11 E Main Rd,Middletown,RI,02842,(401) 847-1517,ri/middletown/11-e-main-rd,41.51654425076423,-71.29926721917258,Rhode Island
,118 Gate Rd,North Kingstown,RI,02852,(401) 329-3565,ri/north-kingstown/118-gate-rd,41.6055388,-71.45330890000001,Rhode Island
4084,1601 Mineral Spring Ave,North Providence,RI,02904,(401) 271-0046,ri/north-providence/1601-mineral-spring-ave,41.864714155385215,-71.44889856271472,Rhode Island
,75 Newport Ave,Rumford,RI,02916,(401) 445-0190,ri/rumford/75-newport-ave,41.85648858644042,-71.35516409638899,Rhode Island
1820,3556 Clemson Blvd,Anderson,SC,29621,(864) 222-2922,sc/anderson/3556-clemson-blvd,34.55238545010325,-82.67812234532033,South Carolina
4269,21 Robert Smalls Pkwy,Beaufort,SC,29906,(854) 212-8443,sc/beaufort/21-robert-smalls-pkwy,32.439629254352496,-80.70480540494736,South Carolina
2357,1250 Fording Island Rd,Bluffton,SC,29910,(843) 836-2442,sc/bluffton/1250-fording-island-rd,32.2471481609093,-80.8325036368663,South Carolina
1828,393 College Ave,Clemson,SC,29631,(864) 653-5801,sc/clemson/393-college-ave,34.68456674968882,-82.83736704707337,South Carolina
,2296 E Highway 501,Conway,SC,29526,(843) 347-0202,sc/conway/2296-e-highway-501,33.85281873877563,-79.07551654232775,South Carolina
3656,6099 Calhoun Memorial Hwy,Easley,SC,29640,(864) 343-9001,sc/easley/6099-calhoun-memorial-hwy,34.82318101539206,-82.57817110257365,South Carolina
1990,2617 David H McLeod Blvd,Florence,SC,29501,(843) 773-3104,sc/florence/2617-david-h-mcleod-blvd,34.1918158,-79.8331336,South Carolina
,1852 Highway 160 W,Fort Mill,SC,29708,(803) 396-0456,sc/fort-mill/1852-highway-160-w,35.0354065205258,-80.9742789550775,South Carolina
3922,220 Saint James Ave,Goose Creek,SC,29445,(854) 300-4182,sc/goose-creek/220-saint-james-ave,33.01026613208242,-80.04588299569025,South Carolina
4091,1126 W Wade Hampton Blvd,Greer,SC,29650,(864) 874-1883,sc/greer/1126-w-wade-hampton-blvd,34.94353744640152,-82.25588393541257,South Carolina
3607,5594 Sunset Blvd,Lexington,SC,29072,(803) 756-4900,sc/lexington/5594-sunset-blvd,33.994706281262005,-81.22633401300422,South Carolina
,108 S Main St,Mauldin,SC,29662,(864) 900-5910,sc/mauldin/108-s-main-st,34.77719919472546,-82.30936390563558,South Carolina
2850,1509 N Highway 17,Mt Pleasant,SC,29464,(843) 856-1170,sc/mt-pleasant/1509-n-highway-17,32.817216838634536,-79.84491155692923,South Carolina
3074,362 E Martintown Rd,North Augusta,SC,29841,(803) 442-7863,sc/north-augusta/362-e-martintown-rd,33.497437458531635,-81.96084949555774,South Carolina
2351,1502 Highway 17 N,North Myrtle Beach,SC,29582,(843) 249-4415,sc/north-myrtle-beach/1502-highway-17-n,33.841977936881605,-78.66107534006511,South Carolina
3021,1209 N Main St,Summerville,SC,29483,(843) 871-4678,sc/summerville/1209-n-main-st,33.0347651216297,-80.15829126491371,South Carolina
,1286 Broad St,Sumter,SC,29150,(803) 469-0250,sc/sumter/1286-broad-st,33.95635458414463,-80.38908157742992,South Carolina
3661,2871 Sunset Blvd,West Columbia,SC,29169,(803) 807-2602,sc/west-columbia/2871-sunset-blvd,34.00473225047612,-81.1179187975264,South Carolina
4483,909 Vintage Alcoa Way,Alcoa,TN,37701,(865) 378-5410,tn/alcoa/909-vintage-alcoa-way,35.79861464526282,-83.9810026788519,Tennessee
3794,4216 Century Farms Ter,Antioch,TN,37013,(629) 900-8093,tn/antioch/4216-century-farms-ter,36.03378443678858,-86.65147548958394,Tennessee
1495,269 Franklin Rd,Brentwood,TN,37027,(615) 679-4845,tn/brentwood/269-franklin-rd,36.02975268599454,-86.79147689938827,Tennessee
4287,413 Pinnacle Pkwy,Bristol,TN,37620,(423) 340-4138,tn/bristol/413-pinnacle-pkwy,36.591207,-82.260269,Tennessee
,4482 Ellis Cir NW,Cleveland,TN,37312,(423) 458-3021,tn/cleveland/4482-ellis-cir-nw,35.21152558463042,-84.86380518893465,Tennessee
4290,1090 W Poplar Ave,Collierville,TN,38017,(901) 668-2928,tn/collierville/1090-w-poplar-ave,35.046501,-89.698538,Tennessee
4237,610 S James M Campbell Blvd,Columbia,TN,38401,(931) 777-1185,tn/columbia/610-s-james-m-campbell-blvd,35.59344950686373,-87.0520577119172,Tennessee
3159,1255 Interstate Dr,Cookeville,TN,38501,(931) 400-0150,tn/cookeville/1255-interstate-dr,36.13871654092495,-85.50746059904122,Tennessee
3031,695 N Germantown Pkwy,Cordova,TN,38018,(901) 754-5807,tn/cordova/695-n-germantown-pkwy,35.14444919965813,-89.79616205701119,Tennessee
3456,214 Indian Lake Blvd,Hendersonville,TN,37075,(615) 348-0188,tn/hendersonville/214-indian-lake-blvd,36.3209576,-86.5994131,Tennessee
,5000B Old Hickory Blvd,Hermitage,TN,37076,(615) 732-0190,tn/hermitage/5000b-old-hickory-blvd,36.1948580376691,-86.61807042852631,Tennessee
,5248 Highway 153,Hixson,TN,37343,(423) 805-1008,tn/hixson/5248-highway-153,35.12534342826191,-85.24024196019353,Tennessee
,883 Vann Dr,Jackson,TN,38305,(731) 256-2035,tn/jackson/883-vann-dr,35.670254335219504,-88.85245552270183,Tennessee
3726,2013 N Roan St,Johnson City,TN,37601,(423) 218-0493,tn/johnson-city/2013-n-roan-st,36.339639930403926,-82.37550068946526,Tennessee
,1401 E Stone Dr,Kingsport,TN,37660,(423) 830-2286,tn/kingsport/1401-e-stone-dr,36.549677856740246,-82.52528686011887,Tennessee
4421,620 S Cumberland St,Lebanon,TN,37087,(629) 600-2074,tn/lebanon/620-s-cumberland-st,36.191680747337976,-86.29533082270181,Tennessee
,1806 Gallatin Pike N,Madison,TN,37115,(615) 732-0012,tn/madison/1806-gallatin-pike-n,36.29867425082341,-86.69880264126158,Tennessee
,8599 US Highway 51 N,Millington,TN,38053,(901) 557-0092,tn/millington/8599-us-highway-51-n,35.36192128106295,-89.89187727055224,Tennessee
4510,30 Old Pleasant Grove Rd,Mt Juliet,TN,37122,(615) 754-2984,tn/mt-juliet/30-old-pleasant-grove-rd,36.17489912826897,-86.51426744614713,Tennessee
2586,1713 Parkway,Sevierville,TN,37862,(865) 428-2249,tn/sevierville/1713-parkway,35.83063092464802,-83.57297060921002,Tennessee
3223,715 Team Blvd,Smyrna,TN,37167,(615) 355-1612,tn/smyrna/715-team-blvd,35.979422276662206,-86.56428606743361,Tennessee
3832,2098 Wall St,Spring Hill,TN,37174,(615) 302-0775,tn/spring-hill/2098-wall-st,35.76922115673592,-86.91777790452124,Tennessee
2929,3800 S Clack St,Abilene,TX,79606,(325) 690-6463,tx/abilene/3800-s-clack-st,32.40542941283441,-99.76535906869981,Texas
197,3771 Belt Line Rd,Addison,TX,75001,(972) 243-9088,tx/addison/3771-belt-line-rd,32.9536677216986,-96.85307685710848,Texas
2304,2414 S Georgia St,Amarillo,TX,79109,(806) 576-0764,tx/amarillo/2414-s-georgia-st,35.188702268378876,-101.86679454799958,Texas
2871,3905 Dowlen Rd,Beaumont,TX,77706,(409) 924-0016,tx/beaumont/3905-dowlen-rd,30.11537630968842,-94.16928453559933,Texas
3040,2100 Airport Fwy,Bedford,TX,76022,(817) 684-8370,tx/bedford/2100-airport-fwy,32.836175762119204,-97.13290805277859,Texas
,8522 Highway 377 S,Benbrook,TX,76126,(682) 235-1133,tx/benbrook/8522-highway-377-s,32.681144492512914,-97.46289983286798,Texas
,2425 Paredes Line Rd,Brownsville,TX,78526,(956) 594-6474,tx/brownsville/2425-paredes-line-rd,25.951907717120882,-97.48731247559512,Texas
3220,1016 E Hebron Pkwy,Carrollton,TX,75010,(972) 394-6135,tx/carrollton/1016-e-hebron-pkwy,33.020376363661896,-96.91372275305844,Texas
1889,398 E FM 1382,Cedar Hill,TX,75104,(469) 454-3008,tx/cedar-hill/398-e-fm-1382,32.59237574017432,-96.93786072023772,Texas
2342,909 E Whitestone Blvd,Cedar Park,TX,78613,(512) 690-2563,tx/cedar-park/909-e-whitestone-blvd,30.524908308222976,-97.81967993878891,Texas
,872 Cibolo Valley Dr.,Cibolo,TX,78108,(726) 900-5377,tx/cibolo/872-cibolo-valley-dr,29.5717495,-98.23806169999999,Texas
3142,4609 Colleyville Blvd,Colleyville,TX,76034,(817) 656-4095,tx/colleyville/4609-colleyville-blvd,32.87811968780002,-97.15823281440893,Texas
1252,104 S Denton Tap Rd,Coppell,TX,75019,(972) 393-2156,tx/coppell/104-s-denton-tap-rd,32.969023650345356,-96.99328056898179,Texas
2773,3018 E Business 190,Copperas Cove,TX,76522,(254) 518-1365,tx/copperas-cove/3018-e-business-190,31.120283728792476,-97.86153828362973,Texas
3389,8201 S Interstate 35 E,Corinth,TX,76210,(940) 497-0377,tx/corinth/8201-s-interstate-35-e,33.130502329003626,-97.03892486932888,Texas
2343,4938 S Staples St,Corpus Christi,TX,78411,(361) 985-0398,tx/corpus-christi/4938-s-staples-st,27.709253,-97.36811,Texas
3085,8035 Spencer Hwy,Deer Park,TX,77536,(281) 479-3658,tx/deer-park/8035-spencer-hwy,29.664326179962217,-95.1155312533811,Texas
3542,1001 North Interstate 35E Service Rd,Desoto,TX,75115,(214) 453-8284,tx/desoto/1001-north-interstate-35e-service-rd,32.607396,-96.825176,Texas
,300 S Clark Rd,Duncanville,TX,75116,(214) 453-8254,tx/duncanville/300-s-clark-rd,32.64917841627055,-96.94233529080319,Texas
2021,3010 State Highway 121,Euless,TX,76039,(817) 786-2134,tx/euless/3010-state-highway-121,32.88010335198053,-97.09811057323935,Texas
3359,2427 Valley View Ln,Farmers Branch,TX,75234,(214) 453-8281,tx/farmers-branch/2427-valley-view-ln,32.9235948004017,-96.89879027052608,Texas
3532,825 E US Highway 80,Forney,TX,75126,(972) 357-9002,tx/forney/825-e-us-highway-80,32.74140742398373,-96.44781970408258,Texas
2601,1617 Pleasonton Road,Fort Bliss,TX,79906,(915) 566-0774,tx/fort-bliss/1617-pleasonton-road,31.817055,-106.42756,Texas
2784,Fort Hood Shopping Center,Fort Hood,TX,76544,(254) 305-8166,tx/fort-hood/fort-hood-shopping-center,31.1308526,-97.7981556,Texas
3406,1705 S Friendswood Dr,Friendswood,TX,77546,(832) 569-6001,tx/friendswood/1705-s-friendswood-dr,29.50845232440885,-95.18708346802568,Texas
3557,5425 McPherson Blvd,Ft Worth,TX,76123,(682) 235-1130,tx/ft-worth/5425-mcpherson-blvd,32.6059596,-97.4080654,Texas
756,4170 Lavon Dr,Garland,TX,75040,(972) 530-5811,tx/garland/4170-lavon-dr,32.955504216041945,-96.61689300567166,Texas
466,900 N Austin Ave,Georgetown,TX,78626,(512) 868-0941,tx/georgetown/900-n-austin-ave,30.64922453877544,-97.67753665794314,Texas
2771,321 E US Highway 377,Granbury,TX,76048,(817) 579-9246,tx/granbury/321-e-us-highway-377,32.433637723731344,-97.78478845824333,Texas
2117,2225 E Grapevine Mills Cir,Grapevine,TX,76051,(469) 444-6318,tx/grapevine/2225-e-grapevine-mills-cir,32.96171247273346,-97.04183442036464,Texas
2885,3118 Interstate Highway 30,Greenville,TX,75402,(903) 455-0444,tx/greenville/3118-interstate-highway-30,33.09599986858919,-96.11259469194039,Texas
1130,201 E Central Texas Expy,Harker Heights,TX,76548,(254) 690-1676,tx/harker-heights/201-e-central-texas-expy,31.071939548854363,-97.66668655774677,Texas
2891,410 Dixieland Rd,Harlingen,TX,78552,(956) 412-0809,tx/harlingen/410-dixieland-rd,26.186546641026098,-97.72133967972752,Texas
,2791 Fort Worth Hwy,Hudson Oaks,TX,76087,(682) 332-4058,tx/hudson-oaks/2791-fort-worth-hwy,32.757404366966966,-97.71383742027815,Texas
2503,213 Interstate 45 S,Huntsville,TX,77340,(936) 435-1861,tx/huntsville/213-interstate-45-s,30.710830814108466,-95.56625450929755,Texas
96,1312 W Pipeline Rd,Hurst,TX,76053,(817) 595-3875,tx/hurst/1312-w-pipeline-rd,32.82420770194293,-97.19987249171618,Texas
,326 Ed Schmidt Blvd,Hutto,TX,78634,(737) 259-2011,tx/hutto/326-ed-schmidt-blvd,30.54456828022364,-97.56087975012427,Texas
,4554 Kingwood Dr,Kingwood,TX,77345,(281) 973-4076,tx/kingwood/4554-kingwood-dr,30.050006505061152,-95.18311796982051,Texas
,5180 S FM 1626,Kyle,TX,78640,(737) 312-4986,tx/kyle/5180-s-fm-1626,30.0140121,-97.8631329,Texas
2772,6547 Lake Worth Blvd,Lake Worth,TX,76135,(817) 237-2468,tx/lake-worth/6547-lake-worth-blvd,32.81027795685641,-97.43238790674593,Texas
2728,1211 Del Mar Blvd.,Laredo,TX,78041,(956) 723-4905,tx/laredo/1211-del-mar-blvd,27.573211988479823,-99.47384388341504,Texas
3984,821 N US 183,Leander,TX,78641,(512) 690-7006,tx/leander/821-n-us-183,30.64188321,-97.87054862,Texas
2249,415 E Loop 281,Longview,TX,75605,(903) 663-7664,tx/longview/415-e-loop-281,32.54216713054544,-94.73354164723872,Texas
3752,2650 W Lucas Rd,Lucas,TX,75002,(469) 342-4003,tx/lucas/2650-w-lucas-rd,33.08608874780917,-96.61790467155903,Texas
3680,6538 FM 1488,Magnolia,TX,77354,(936) 647-2787,tx/magnolia/6538-fm-1488,30.2215178,-95.5664402,Texas
2224,2820 West Loop 250 North,Midland,TX,79705,(432) 699-0173,tx/midland/2820-west-loop-250-north,32.03630303209974,-102.12335287415658,Texas
1679,6245 Highway 6,Missouri City,TX,77459,(281) 261-6305,tx/missouri-city/6245-highway-6,29.564574015638367,-95.56266587907771,Texas
3816,20165 Eva St,Montgomery,TX,77356,(936) 521-1199,tx/montgomery/20165-eva-st,30.387093151031944,-95.67935846684742,Texas
1809,121 E FM 544,Murphy,TX,75094,(972) 881-5275,tx/murphy/121-e-fm-544,33.00966809564976,-96.61351407961803,Texas
2930,2111 North St,Nacogdoches,TX,75965,(936) 559-5393,tx/nacogdoches/2111-north-st,31.62312659243257,-94.65268197375983,Texas
1758,156 State Highway 46 S,New Braunfels,TX,78130,(830) 629-9300,tx/new-braunfels/156-state-highway-46-s,29.70102997288708,-98.09565250062906,Texas
3647,21360 US Highway 59,New Caney,TX,77357,(281) 747-5477,tx/new-caney/21360-us-highway-59,30.13714795274505,-95.22749006712789,Texas
2232,3810 E 42nd St,Odessa,TX,79762,(432) 366-0693,tx/odessa/3810-e-42nd-st,31.88944921718083,-102.35028254293957,Texas
2634,2424 FM 685,Pflugerville,TX,78660,(512) 989-5717,tx/pflugerville/2424-fm-685,30.46267628419758,-97.59858974895587,Texas
2888,500 N Jackson Rd,Pharr,TX,78577,(956) 702-5196,tx/pharr/500-n-jackson-rd,26.20055286223893,-98.20330830961737,Texas
2630,2780 Highway 365,Port Arthur,TX,77640,(409) 722-9489,tx/port-arthur/2780-highway-365,29.944452636428245,-93.99503633418789,Texas
,800 W Princeton Drive,Princeton,TX,75407,(469) 936-1580,tx/princeton/800-w-princeton-drive,33.176537357817615,-96.51471017253643,Texas
3344,100 Sharaf Ave,Red Oak,TX,75154,(972) 576-4978,tx/red-oak/100-sharaf-ave,32.532614,-96.820676,Texas
3375,1347 N. Hwy 377,Roanoke,TX,76262,(682) 514-0004,tx/roanoke/1347-n-hwy-377,33.0179509,-97.2181475,Texas
1074,951 E Interstate 30,Rockwall,TX,75087,(972) 722-0445,tx/rockwall/951-e-interstate-30,32.90270214139954,-96.45458691013295,Texas
3776,24004 Southwest Fwy,Rosenberg,TX,77471,(832) 278-4002,tx/rosenberg/24004-southwest-fwy,29.546234599091886,-95.75035135276126,Texas
2981,3109 Lakeview Pkwy,Rowlett,TX,75088,(214) 607-4742,tx/rowlett/3109-lakeview-pkwy,32.9080577,-96.5722756,Texas
4257,460 West Interstate 30,Royse City,TX,75189,(469) 707-8914,tx/royse-city/460-west-interstate-30,32.96591620607541,-96.33948344373812,Texas
,1424 Old Decatur Rd,Saginaw,TX,76179,(682) 235-1132,tx/saginaw/1424-old-decatur-rd,32.88218551595966,-97.39087761284543,Texas
171,14540 Forum Pkwy,Selma,TX,78154,(210) 659-2756,tx/selma/14540-forum-pkwy,29.571991894564437,-98.32630634826289,Texas
1195,875 Northcreek Dr.,Sherman,TX,75090,(903) 892-3150,tx/sherman/875-northcreek-dr,33.682573248611455,-96.6089783535798,Texas
346,5400 Brodie Ln,Sunset Valley,TX,78745,(512) 892-4222,tx/sunset-valley/5400-brodie-ln,30.227767781808893,-97.82274036022169,Texas
3049,1396 FM Rd 148,Terrell,TX,75160,(972) 563-3343,tx/terrell/1396-fm-rd-148,32.71672431983841,-96.32569441462027,Texas
2175,2502 Richmond Rd,Texarkana,TX,75503,(903) 793-0166,tx/texarkana/2502-richmond-rd,33.457907544495086,-94.08770204491076,Texas
4511,540 Kitty Hawk Rd,Universal City,TX,78148,(726) 208-5579,tx/universal-city/540-kitty-hawk-rd,29.549148,-98.309591,Texas
661,7604 Denton Hwy,Watauga,TX,76148,(817) 577-0208,tx/watauga/7604-denton-hwy,32.882569254134765,-97.25998003001848,Texas
2818,1440 N Highway 77,Waxahachie,TX,75165,(972) 937-0011,tx/waxahachie/1440-n-highway-77,32.424349439261334,-96.83889605289514,Texas
2250,106 E Interstate 20,Weatherford,TX,76087,(817) 598-0544,tx/weatherford/106-e-interstate-20,32.72922627332259,-97.78764590074344,Texas
1185,304 W Bay Area Blvd,Webster,TX,77598,(281) 332-6597,tx/webster/304-w-bay-area-blvd,29.547680203751835,-95.1313626060579,Texas
43,3300 Bee Caves Rd,West Lake Hills,TX,78746,(512) 329-8600,tx/west-lake-hills/3300-bee-caves-rd,30.274678317378058,-97.79928546198863,Texas
2378,3910 Wayne Ave,Wichita Falls,TX,76308,(940) 692-1922,tx/wichita-falls/3910-wayne-ave,33.870892477475905,-98.53422405031449,Texas
,499 S State Hwy,Wylie,TX,75098,(214) 556-2045,tx/wylie/499-s-state-hwy,33.0180267,-96.54385033,Texas
,1351 S Providence Center Dr,Cedar City,UT,84720,(435) 572-4648,ut/cedar-city/1351-s-providence-center-dr,37.653661,-113.08476,Utah
,370 W Parrish Ln,Centerville,UT,84014,(385) 340-6088,ut/centerville/370-w-parrish-ln,40.92177318592857,-111.8849987437945,Utah
,6924 S Park Centre Dr,Cottonwood Heights,UT,84121,(801) 943-3525,ut/cottonwood-heights/6924-s-park-centre-dr,40.62563978344176,-111.85147611775005,Utah
,4315 North Pony Express Parkway,Eagle Mountain,UT,84005,(385) 510-3258,ut/eagle-mountain/4315-north-pony-express-parkway,40.362573553989044,-111.96349718973974,Utah
,138 North 1100 West,Farmington,UT,84025,(385) 243-1062,ut/farmington/138-north-1100-west,40.9827294,-111.911905,Utah
,1035 W Antelope Dr,Layton,UT,84041,(801) 773-4511,ut/layton/1035-w-antelope-dr,41.08873910865449,-111.98477653130016,Utah
,3601 N Digital Dr,Lehi,UT,84043,(385) 352-8140,ut/lehi/3601-n-digital-dr,40.432083425971584,-111.88820535089116,Utah
,731 S Main St,Logan,UT,84321,(435) 265-1021,ut/logan/731-s-main-st,41.71842675952407,-111.83585271979253,Utah
,5141 S State St,Murray,UT,84107,(801) 266-1032,ut/murray/5141-s-state-st,40.65976253940112,-111.88787080156635,Utah
,1269 Washington Blvd,Ogden,UT,84404,(385) 600-6437,ut/ogden/1269-washington-blvd,41.242913502203194,-111.97053567368533,Utah
,715 E University Pkwy,Orem,UT,84097,(801) 225-4364,ut/orem/715-e-university-pkwy,40.27351681765806,-111.67868003968488,Utah
,6699 N Landmark Dr,Park City,UT,84098,(435) 513-8266,ut/park-city/6699-n-landmark-dr,40.72593026341562,-111.55201589262505,Utah
,470 S Pleasant Grove Blvd,Pleasant Grove,UT,84062,(385) 269-2461,ut/pleasant-grove/470-s-pleasant-grove-blvd,40.35832169496933,-111.76398795545025,Utah
,1284 N University Ave,Provo,UT,84604,(801) 691-7595,ut/provo/1284-n-university-ave,40.251433151014325,-111.65822573737472,Utah
,849 W Riverdale Rd,Riverdale,UT,84405,(801) 392-9846,ut/riverdale/849-w-riverdale-rd,41.17827412412481,-111.9994855133776,Utah
,4599 W Partridge Hill Ln,Riverton,UT,84096,(801) 871-3898,ut/riverton/4599-w-partridge-hill-ln,40.50830875675363,-112.0005997111942,Utah
,10387 S State St,Sandy,UT,84070,(801) 571-8547,ut/sandy/10387-s-state-st,40.56251060583513,-111.89046145950715,Utah
,889 N Redwood Rd,Saratoga Springs,UT,84045,(385) 455-0787,ut/saratoga-springs/889-n-redwood-rd,40.378021807592575,-111.91702556972301,Utah
,3561 W 11400 S,South Jordan,UT,84095,(801) 938-5794,ut/south-jordan/3561-w-11400-s,40.543688,-111.9763837,Utah
,2140 S. State St.,South Salt Lake,UT,84115,(385) 525-5298,ut/south-salt-lake/2140-s-state-st,40.7245485,-111.8886328,Utah
,841 E Highway 6,Spanish Fork,UT,84660,(385) 406-4777,ut/spanish-fork/841-e-highway-6,40.122111045064415,-111.6415303666382,Utah
,1975 W 1700 S,Syracuse,UT,84075,(385) 785-0073,ut/syracuse/1975-w-1700-s,41.0887789918849,-112.0637050670139,Utah
,661 East 450 North,VINEYARD,UT,84059,(385) 452-6012,ut/vineyard/661-east-450-north,40.3056195,-111.7382896,Utah
,1560 Grapevine Xing,Washington,UT,84780,(435) 375-3181,ut/washington/1560-grapevine-xing,37.1450334,-113.4837984,Utah
,135 N 500 W,West Bountiful,UT,84010,(801) 295-5140,ut/west-bountiful/135-n-500-w,40.89083705545898,-111.89262856157569,Utah
,3849 W. Campus Dr.,West Jordan,UT,84084,(801) 758-0959,ut/west-jordan/3849-w-campus-dr,40.614358,-111.981983,Utah
,2640 South 5600 West,West Valley City,UT,84120,(385) 542-3027,ut/west-valley-city/2640-south-5600-west,40.712528,-112.025544,Utah
1793,580 Shelburne Rd,Burlington,VT,05401,(802) 859-3301,vt/burlington/580-shelburne-rd,44.448588517123184,-73.2081288190317,Vermont
3619,37 N Main St,Rutland,VT,05701,(802) 282-4509,vt/rutland/37-n-main-st,43.6108926,-72.97304559999999,Vermont
,205 Dorset St,South Burlington,VT,05403,(802) 318-4646,vt/south-burlington/205-dorset-st,44.463577046689196,-73.18111988614855,Vermont
4060,703A England St,Ashland,VA,23005,(804) 752-4617,va/ashland/703a-england-st,37.75778152459906,-77.47034809506123,Virginia
2723,10303 Bristow Center Dr,Bristow,VA,20136,(703) 257-4076,va/bristow/10303-bristow-center-dr,38.73292624313041,-77.54766038246942,Virginia
879,5747 Burke Centre Pkwy,Burke,VA,22015,(703) 250-2537,va/burke/5747-burke-centre-pkwy,38.79967888428525,-77.32013130706042,Virginia
1140,6317 Multiplex Dr,Centreville,VA,20121,(703) 830-1438,va/centreville/6317-multiplex-dr,38.828165180122696,-77.43816004968551,Virginia
1868,2423 W Hundred Rd,Chester,VA,23831,(804) 706-6285,va/chester/2423-w-hundred-rd,37.35440547013639,-77.41087433246526,Virginia
3528,2545 Market St,Christiansburg,VA,24073,(540) 251-0069,va/christiansburg/2545-market-st,37.16468528037231,-80.42100851082847,Virginia
2033,1901 Southpark Blvd,Colonial Heights,VA,23834,(804) 823-6438,va/colonial-heights/1901-southpark-blvd,37.25458321314457,-77.38804097491584,Virginia
2221,15335 Creativity Dr,Culpeper,VA,22701,(540) 825-4982,va/culpeper/15335-creativity-dr,38.48517906636661,-77.96727142161046,Virginia
2940,450 Mall Dr,Danville,VA,24540,(434) 792-1715,va/danville/450-mall-dr,36.59444702928809,-79.424285987367,Virginia
3295,22000 Dulles Retail Plz,Dulles,VA,20166,(571) 401-8103,va/dulles/22000-dulles-retail-plz,39.00635800000001,-77.43705798834324,Virginia
,7406 Lee Hwy,Fairlawn,VA,24141,(540) 633-3856,va/fairlawn/7406-lee-hwy,37.14414767950343,-80.58272323371898,Virginia
3613,145 Riverton Commons Dr,Front Royal,VA,22630,(540) 551-4353,va/front-royal/145-riverton-commons-dr,38.96514152178477,-78.18917872018274,Virginia
1249,5025 Wellington Rd,Gainesville,VA,20155,(571) 248-8036,va/gainesville/5025-wellington-rd,38.79136027689582,-77.6070282530049,Virginia
,7115 George Washington Memorial Hwy,Gloucester,VA,23061,(804) 693-2475,va/gloucester/7115-george-washington-memorial-hwy,37.3941966785825,-76.5269902442947,Virginia
1333,3510 Von Schilling Dr,Hampton,VA,23666,(757) 826-7890,va/hampton/3510-von-schilling-dr,37.043576717112515,-76.39329195511209,Virginia
1361,1615 Reservoir St,Harrisonburg,VA,22801,(540) 433-0315,va/harrisonburg/1615-reservoir-st,38.43193916285675,-78.85506455157258,Virginia
,16449 Consumer Row,King George,VA,22485,(540) 990-1658,va/king-george/16449-consumer-row,38.35098079999999,-77.05483219999999,Virginia
2854,9447 Lorton Market St,Lorton,VA,22079,(703) 337-4624,va/lorton/9447-lorton-market-st,38.70166010585884,-77.22061937299901,Virginia
3275,7314 Bell Creek Rd,Mechanicsville,VA,23111,(804) 730-4930,va/mechanicsville/7314-bell-creek-rd,37.60527362168184,-77.35475836995792,Virginia
2001,2946 Chain Bridge Rd,Oakton,VA,22124,(571) 328-5279,va/oakton/2946-chain-bridge-rd,38.881287138756534,-77.30176563471377,Virginia
,1805 Frederick Blvd,Portsmouth,VA,23707,(757) 799-4211,va/portsmouth/1805-frederick-blvd,36.824933241490754,-76.33820815166966,Virginia
3007,1200 Wolf Rock Dr,Purcellville,VA,20132,(540) 441-3952,va/purcellville/1200-wolf-rock-dr,39.13617652613748,-77.69133340919629,Virginia
194,1735 N Lynn St,Rosslyn,VA,22209,(703) 294-6669,va/rosslyn/1735-n-lynn-st,38.89569748783068,-77.07060266568578,Virginia
3756,1122 W Main St,Salem,VA,24153,(540) 380-8230,va/salem/1122-w-main-st,37.289899422328304,-80.0756591997834,Virginia
,102 Crossing Way,Staunton,VA,24401,(540) 324-2799,va/staunton/102-crossing-way,38.1308928,-79.0382365,Virginia
2003,6216 College Dr,Suffolk,VA,23435,(757) 484-6051,va/suffolk/6216-college-dr,36.88105344495477,-76.42441766745287,Virginia
1628,251 W Lee Hwy,Warrenton,VA,20186,(540) 341-1032,va/warrenton/251-w-lee-hwy,38.72908551130974,-77.79935714747685,Virginia
,1960 Rosser Ave,Waynesboro,VA,22980,(540) 932-2094,va/waynesboro/1960-rosser-ave,38.06365141253465,-78.9332672295795,Virginia
2813,6230 Rolling Rd,West Springfield,VA,22152,(703) 866-7896,va/west-springfield/6230-rolling-rd,38.78088581817097,-77.23523801330907,Virginia
1353,1413 Richmond Rd,Williamsburg,VA,23185,(757) 229-2040,va/williamsburg/1413-richmond-rd,37.287465061272925,-76.72109670423993,Virginia
,1201 SW Scotton Way,Battle Ground,WA,98604,(360) 369-6168,wa/battle-ground/1201-sw-scotton-way,45.769641757043445,-122.54958802393091,Washington
2271,4 Bellis Fair Pkwy,Bellingham,WA,98226,(360) 255-5697,wa/bellingham/4-bellis-fair-pkwy,48.7849073,-122.4896222,Washington
3438,20416 98th St E,Bonney Lake,WA,98391,(253) 862-0822,wa/bonney-lake/20416-98th-st-e,47.1679541,-122.1558092,Washington
3543,21135 Bothell Everett Hwy,Bothell,WA,98021,(425) 949-0117,wa/bothell/21135-bothell-everett-hwy,47.8058682,-122.2065973,Washington
,4350 Wheaton Way,Bremerton,WA,98310,(360) 525-6843,wa/bremerton/4350-wheaton-way,47.60355767151205,-122.6271608024354,Washington
2263,1753 S Burlington Blvd,Burlington,WA,98233,(360) 707-0371,wa/burlington/1753-s-burlington-blvd,48.45333193401946,-122.33583993926948,Washington
,1715 SE Meadowbrook Blvd,College Place,WA,99324,(509) 394-5736,wa/college-place/1715-se-meadowbrook-blvd,46.03274297555432,-118.38006578273355,Washington
2957,515 SE Everett Mall Way,Everett,WA,98208,(425) 265-7915,wa/everett/515-se-everett-mall-way,47.9095257,-122.2252793,Washington
743,31827 Pacific Hwy S,Federal Way,WA,98003,(253) 945-8287,wa/federal-way/31827-pacific-hwy-s,47.31628571261603,-122.31384686989844,Washington
,4823 Point Fosdick Dr,Gig Harbor,WA,98335,(253) 265-5842,wa/gig-harbor/4823-point-fosdick-dr,47.30249753261109,-122.57836629288522,Washington
778,775 NW Gilman Blvd,Issaquah,WA,98027,(425) 837-9100,wa/issaquah/775-nw-gilman-blvd,47.54346540741369,-122.04933804318681,Washington
670,512 Ramsay Way,Kent,WA,98032,(253) 850-3777,wa/kent/512-ramsay-way,47.385287,-122.234995,Washington
2958,12530 Totem Lake Blvd NE,Kirkland,WA,98034,(425) 814-9849,wa/kirkland/12530-totem-lake-blvd-ne,47.71170704962436,-122.18001753115229,Washington
,2812 90th Ave. NE,Lake Stevens,WA,98258,(425) 386-3502,wa/lake-stevens/2812-90th-ave-ne,48.009244276817654,-122.10993410347089,Washington
2792,10427 Gravelly Lake Dr SW,Lakewood,WA,98499,(253) 582-0168,wa/lakewood/10427-gravelly-lake-dr-sw,47.16193990556455,-122.51836468890099,Washington
3783,923 Ocean Beach Hwy,Longview,WA,98632,(360) 200-6733,wa/longview/923-ocean-beach-hwy,46.1460478594989,-122.9286117171793,Washington
3166,17103 28th Dr NE,Marysville,WA,98271,(360) 652-9086,wa/marysville/17103-28th-dr-ne,48.151148262782435,-122.19128554232788,Washington
,2345 S Maiers Rd,Moses Lake,WA,98837,(509) 855-9990,wa/moses-lake/2345-s-maiers-rd,47.103800830416475,-119.24992130955415,Washington
1581,625 Black Lake Blvd SW,Olympia,WA,98501,(360) 918-0092,wa/olympia/625-black-lake-blvd-sw,47.04175820438967,-122.93446364146473,Washington
,5326 N 68 Rd.,Pasco,WA,99301,(509) 410-1009,wa/pasco/5326-n-68-rd,46.27560942004205,-119.18626772219552,Washington
,21401 Olhava Way,Poulsbo,WA,98370,(360) 994-3145,wa/poulsbo/21401-olhava-way,47.757073,-122.658882,Washington
3792,485 SE Brelsford Drive,Pullman,WA,99163,(509) 350-8452,wa/pullman/485-se-brelsford-drive,46.71355224064796,-117.17782480618007,Washington
740,17875 Redmond Way,Redmond,WA,98052,(425) 558-5868,wa/redmond/17875-redmond-way,47.66731306404962,-122.10238981329188,Washington
2411,439 Rainier Ave S,Renton,WA,98057,(425) 226-6646,wa/renton/439-rainier-ave-s,47.477539657475575,-122.2162078618598,Washington
3601,2673 Queensgate Dr,Richland,WA,99352,(509) 396-0314,wa/richland/2673-queensgate-dr,46.25855108350215,-119.30982174273115,Washington
2878,22704 SE 4th St,Sammamish,WA,98074,(425) 677-8049,wa/sammamish/22704-se-4th-st,47.605825994277474,-122.03596036599089,Washington
,15725 Westminster Way N,Shoreline,WA,98133,(206) 453-6338,wa/shoreline/15725-westminster-way-n,47.7437977145734,-122.34668733864041,Washington
2443,11065 Pacific Crest Pl NW,Silverdale,WA,98383,(360) 204-5647,wa/silverdale/11065-pacific-crest-pl-nw,47.6631081096204,-122.69622826393811,Washington
3827,4020 Bridgeport Way W,University Place,WA,98466,(253) 327-7720,wa/university-place/4020-bridgeport-way-w,47.22022799224143,-122.53756302038686,Washington
3502,1121 N Mission St,Wenatchee,WA,98801,(509) 293-9379,wa/wenatchee/1121-n-mission-st,47.437694822023005,-120.32356545711986,Washington
1747,13780 NE 175th St,Woodinville,WA,98072,(425) 527-0137,wa/woodinville/13780-ne-175th-st,47.75470338681191,-122.15576085484457,Washington
4255,2416 W Nob Hill Blvd,Yakima,WA,98902,(509) 317-6794,wa/yakima/2416-w-nob-hill-blvd,46.58506760000003,-120.54249754723872,Washington
2267,18 Mall Rd,Barboursville,WV,25504,(304) 736-2973,wv/barboursville/18-mall-rd,38.419593465785155,-82.26115901735162,West Virginia
,1080 N Eisenhower Dr,Beckley,WV,25801,(681) 254-4493,wv/beckley/1080-n-eisenhower-dr,37.7994639,-81.1783607,West Virginia
2467,2811 Mountaineer Blvd,Charleston,WV,25309,(681) 265-9444,wv/charleston/2811-mountaineer-blvd,38.31856072677368,-81.71871330913767,West Virginia
2243,2151 5th Ave,Huntington,WV,25703,(304) 525-5645,wv/huntington/2151-5th-ave,38.423364528961606,-82.41935122704331,West Virginia
2629,937 Foxcroft Ave,Martinsburg,WV,25401,(304) 267-8698,wv/martinsburg/937-foxcroft-ave,39.44600279490108,-77.98783448473255,West Virginia
3652,225 Cabela Dr,Triadelphia,WV,26059,(304) 547-9335,wv/triadelphia/225-cabela-dr,40.05957069999999,-80.5999616,West Virginia
,615 Grand Central Ave,Vienna,WV,26105,(304) 699-1010,wv/vienna/615-grand-central-ave,39.3053196440156,-81.55103689021301,West Virginia
,261 Saint Thomas Dr,Weirton,WV,26062,(681) 348-4261,wv/weirton/261-saint-thomas-dr,40.398813121767965,-80.55162416634234,West Virginia
,246 Middletown Road,White Hall,WV,26554,(681) 321-3162,wv/white-hall/246-middletown-road,39.424147745154094,-80.19670143801135,West Virginia
2439,W3198 County Road Kk,Appleton,WI,54915,(920) 830-2759,wi/appleton/w3198-county-road-kk,44.244229841322614,-88.34872698834323,Wisconsin
2015,2388 S Oneida St,Ashwaubenon,WI,54304,(920) 497-0216,wi/ashwaubenon/2388-s-oneida-st,44.48681600184214,-88.06757415858095,Wisconsin
4137,5930 N Port Washington Rd,Glendale,WI,53217,(414) 710-1055,wi/glendale/5930-n-port-washington-rd,43.1249727385659,-87.91333922302155,Wisconsin
1173,111 N Mall Dr,Grand Chute,WI,54913,(920) 636-4300,wi/grand-chute/111-n-mall-dr,44.26255310097911,-88.47014451149886,Wisconsin
,2400 E Mason St,Green Bay,WI,54302,(920) 471-4536,wi/green-bay/2400-e-mason-st,44.48705702644445,-87.96319781291486,Wisconsin
515,5794 S 108th St,Hales Corners,WI,53130,(414) 427-1667,wi/hales-corners/5794-s-108th-st,42.93875895742385,-88.04771488824605,Wisconsin
888,1021 Pearson Dr,Hudson,WI,54016,(715) 386-3010,wi/hudson/1021-pearson-dr,44.95937312944859,-92.72082119118721,Wisconsin
2513,3515 Milton Ave,Janesville,WI,53545,(608) 373-0454,wi/janesville/3515-milton-ave,42.723734,-88.995163,Wisconsin
4432,3671 Market Lane,Kenosha,WI,53144,(262) 351-0877,wi/kenosha/3671-market-lane,42.6040532,-87.879395,Wisconsin
2516,W176n9360 River Crest Dr,Menomonee Falls,WI,53051,(262) 251-3306,wi/menomonee-falls/w176n9360-river-crest-dr,43.18781146975124,-88.12778822739611,Wisconsin
533,8422 Old Sauk Rd,Middleton,WI,53562,(608) 826-0919,wi/middleton/8422-old-sauk-rd,43.07534427580063,-89.52871060921001,Wisconsin
4179,6501 Monona Dr,Monona,WI,53716,(608) 223-0914,wi/monona/6501-monona-dr,43.04722102333161,-89.32507931486431,Wisconsin
549,5720 Washington Ave,Mount Pleasant,WI,53406,(262) 632-0985,wi/mount-pleasant/5720-washington-ave,42.71960230518447,-87.84917862641294,Wisconsin
,9415 East 16 Frontage Rd,Onalaska,WI,54650,(608) 668-4463,wi/onalaska/9415-east-16-frontage-rd,43.8836922,-91.171171,Wisconsin
2820,9370 76th St,Pleasant Prairie,WI,53158,(262) 697-4071,wi/pleasant-prairie/9370-76th-st,42.56589181385271,-87.92104782640666,Wisconsin
1112,2711 N Mayfair Rd,Wauwatosa,WI,53222,(414) 258-6649,wi/wauwatosa/2711-n-mayfair-rd,43.0677232194901,-88.04822244204951,Wisconsin
,855 W Paradise Dr,West Bend,WI,53095,(262) 310-7016,wi/west-bend/855-w-paradise-dr,43.3973968,-88.1874967,Wisconsin
1014,1508 Dell Range Blvd,Cheyenne,WY,82009,(307) 632-6200,wy/cheyenne/1508-dell-range-blvd,41.160718013799844,-104.80569895096562,Wyoming
,2615 E Grand Ave,Laramie,WY,82070,(307) 223-9430,wy/laramie/2615-e-grand-ave,41.30938658862026,-105.55944063256308,Wyoming
